806
428
341
461
804
579
270
544
746
683
638
907
382
896
373
4
113
398
958
509
657
955
785
319
824
417
180
666
625
309
232
322
699
729
688
367
14
698
108
441
82
175
427
70
286
799
823
850
142
309
370
586
239
883
967
925
52
424
523
447
362
424
3
987
200
214
759
236
184
504
635
192
419
927
134
602
497
50
203
18
174
46
453
59
488
260
552
425
692
399
66
477
880
464
297
375
859
400
278
391
377
993
910
575
867
81
818
129
443
68
404
336
69
662
762
845
616
330
255
729
388
297
844
442
686
42
382
588
351
258
17
533
91
345
51
892
644
977
923
567
495
715
783
736
198
40
285
36
68
208
154
408
280
355
542
408
385
290
56
805
664
329
317
985
250
947
92
10
460
994
717
322
449
889
304
799
551
312
675
739
800
324
83
674
76
520
370
267
596
108
585
110
281
312
837
72
11
605
214
550
734
96
421
891
766
948
259
231
435
611
550
271
255
600
438
571
845
204
662
33
28
548
623
443
48
723
54
166
826
553
741
714
341
240
774
193
337
630
700
702
622
260
236
988
790
194
537
560
149
756
926
516
636
565
299
464
920
383
450
807
514
140
204
907
207
429
221
526
960
28
910
663
684
543
513
973
736
140
78
907
793
195
908
104
569
373
308
450
229
319
343
606
407
315
128
942
399
411
68
199
740
954
294
470
289
913
207
495
730
35
875
530
261
966
366
330
142
215
461
379
763
800
401
760
38
944
989
86
681
767
617
208
99
236
488
199
224
590
620
502
736
387
626
400
766
304
895
942
728
814
513
761
246
77
498
456
11
16
727
943
441
652
912
332
409
934
56
815
679
784
211
869
996
352
199
121
582
974
171
896
602
879
189
127
986
427
328
483
657
895
250
45
426
639
163
416
393
372
649
680
417
670
529
761
317
326
184
705
162
971
607
963
185
815
229
969
459
732
230
733
581
697
81
756
98
731
800
584
536
498
160
960
42
673
104
150
973
145
127
756
719
891
654
372
649
784
44
867
933
663
184
313
42
17
1
592
844
197
482
471
177
299
873
122
566
519
998
855
672
29
697
687
343
915
228
191
733
687
992
890
620
965
27
205
413
893
942
206
756
560
93
562
801
309
368
794
714
244
791
985
667
373
586
916
840
862
486
559
889
840
547
72
756
781
418
762
697
352
948
433
438
776
646
76
11
458
129
204
584
954
981
303
26
103
390
401
796
808
14
905
914
919
210
211
377
832
385
767
547
845
23
821
446
738
32
18
516
208
439
972
645
920
654
239
776
517
416
273
129
70
730
64
20
847
905
990
319
692
789
190
454
385
226
942
224
313
759
480
279
769
503
599
381
47
509
578
25
236
229
624
401
860
486
737
2
414
51
997
395
108
841
691
607
505
306
352
488
601
295
642
497
450
629
247
140
45
607
103
659
809
529
515
322
196
788
88
184
15
653
780
423
573
841
724
881
511
635
391
826
783
157
547
573
671
805
282
63
270
494
848
655
358
896
956
71
605
178
89
996
237
188
511
568
842
785
235
129
624
977
168
267
535
196
56
88
916
986
635
320
957
752
418
931
784
446
769
747
304
363
711
671
574
913
971
882
48
542
516
547
168
911
845
5
388
929
92
62
317
666
686
84
142
441
873
451
819
774
172
300
483
716
103
240
268
451
83
266
522
378
413
578
531
794
244
101
546
710
196
802
749
967
31
919
614
795
312
322
931
629
603
981
530
176
260
984
180
556
10
170
44
524
968
306
181
318
672
983
461
177
188
752
266
909
595
678
552
828
684
53
676
631
857
225
343
627
203
894
418
570
510
479
211
781
25
384
450
607
845
679
106
901
783
573
927
258
796
283
848
583
696
439
657
439
811
710
385
457
72
123
706
231
898
374
42
363
678
448
781
265
504
746
301
775
563
333
263
536
8
132
875
945
305
77
936
547
171
295
785
703
246
318
576
943
867
185
134
945
369
957
748
607
171
922
200
17
409
467
312
573
954
451
468
748
435
395
579
53
750
272
621
487
978
425
760
112
267
366
514
475
438
43
65
958
980
948
434
801
80
908
812
970
270
446
120
446
553
604
480
474
769
613
9
584
288
776
590
740
856
671
338
318
323
728
433
906
677
589
340
499
354
219
920
998
544
455
34
18
664
396
257
182
847
282
63
563
299
720
709
344
485
586
995
685
602
325
841
495
828
335
972
657
371
772
312
516
460
380
631
309
396
576
779
525
692
379
574
886
856
349
683
368
309
721
104
164
295
393
579
672
196
856
790
193
441
765
632
559
943
639
785
386
729
956
10
874
460
404
999
116
451
2
674
672
910
626
350
239
359
861
612
506
730
122
117
198
438
216
628
20
939
934
647
325
706
3
586
762
51
57
720
777
136
699
320
635
964
824
136
443
782
248
584
881
24
99
701
541
975
793
744
39
854
244
594
890
83
657
423
353
614
806
77
745
818
405
23
759
473
598
666
907
232
459
955
553
36
941
922
264
159
173
696
620
971
980
833
470
258
291
533
723
151
343
601
817
525
220
740
694
371
66
793
899
192
381
889
278
624
462
218
21
475
615
151
182
342
732
69
964
353
77
688
699
932
696
984
924
831
51
539
829
156
951
992
464
819
760
565
355
346
457
38
231
311
500
99
522
443
159
772
224
13
978
643
270
704
101
239
415
650
975
352
487
666
280
108
525
172
0
597
597
485
1
788
403
438
839
966
876
703
313
625
446
113
79
44
216
951
362
113
796
962
851
447
681
344
491
168
614
169
722
219
64
461
668
295
180
309
805
374
872
260
37
913
875
826
423
109
293
366
267
474
785
36
611
444
704
954
171
488
415
963
42
477
112
351
429
92
366
895
714
45
937
376
681
175
346
364
727
484
825
471
772
711
762
740
877
403
46
837
140
273
413
1
691
997
264
429
463
214
565
50
249
352
765
942
184
536
199
314
474
275
495
535
906
747
289
302
595
103
511
139
762
262
115
901
321
352
566
957
840
825
390
352
974
963
766
530
774
615
679
545
885
367
364
451
607
779
748
157
937
694
769
74
833
340
845
252
1
362
124
969
99
826
804
477
198
530
585
840
503
280
701
36
691
996
508
662
584
978
918
302
532
994
334
484
813
614
943
593
135
928
303
31
468
101
683
518
13
73
601
557
687
336
461
889
713
414
811
540
218
397
971
213
823
1
403
863
338
681
534
769
334
563
162
107
815
60
232
951
798
756
548
619
778
586
412
538
778
985
861
217
959
414
696
197
175
509
4
734
500
839
813
952
715
410
731
151
751
813
653
724
902
63
764
832
492
651
372
443
795
737
53
978
188
684
88
499
119
179
461
542
39
367
497
738
33
592
284
8
954
572
160
584
912
13
158
183
833
694
11
762
576
754
856
881
974
745
751
130
684
423
769
145
191
866
140
786
357
753
810
27
507
868
125
176
737
76
918
36
853
367
869
416
52
247
578
468
175
361
666
568
458
493
933
877
632
87
620
548
282
648
73
794
646
769
550
488
108
526
575
443
660
907
396
100
187
838
886
990
269
768
243
414
508
169
269
964
6
279
780
414
517
155
860
835
823
312
761
547
190
448
359
384
90
797
726
616
450
33
538
906
938
291
272
691
615
871
317
644
677
448
649
290
65
36
592
313
394
468
761
286
74
183
8
720
291
178
326
745
981
510
672
191
260
277
797
329
6
258
720
752
825
717
414
789
299
832
409
921
756
90
571
4
269
413
287
773
788
749
625
971
743
535
797
966
6
699
124
997
589
664
660
413
767
363
727
258
406
452
211
309
751
981
234
834
835
759
143
925
159
138
521
969
245
121
45
420
371
664
419
538
209
844
363
37
265
133
656
470
431
290
234
706
696
353
802
676
103
601
270
891
737
766
868
552
946
336
171
702
529
1
941
222
822
729
762
941
12
176
318
157
450
295
281
77
267
59
823
262
693
111
366
603
143
804
133
835
771
400
829
735
827
217
703
418
679
556
524
402
213
551
324
34
282
967
734
873
596
742
974
563
874
868
100
185
259
945
145
455
955
221
821
723
180
548
124
501
153
713
991
847
630
110
278
842
339
893
675
866
991
47
306
511
865
630
124
178
106
840
963
712
519
675
688
814
226
607
160
241
31
245
837
728
332
850
664
873
954
335
36
740
809
817
303
768
376
88
378
96
321
590
719
58
202
197
89
212
72
173
431
355
806
610
419
473
308
390
431
402
11
232
455
595
356
760
129
504
896
317
561
817
714
494
753
160
489
825
534
505
754
363
766
30
322
749
829
638
424
167
502
370
185
19
310
324
189
161
741
884
823
387
838
608
739
668
718
775
391
25
481
274
588
812
39
711
582
161
406
972
614
160
337
260
601
406
126
193
793
407
262
911
281
596
61
265
142
220
753
322
913
499
495
617
225
124
305
218
46
940
667
29
696
37
237
582
502
771
339
896
58
47
744
158
585
117
818
544
177
884
502
86
739
657
140
132
719
984
341
306
663
1
857
463
132
667
285
194
468
471
833
380
94
588
248
789
948
322
760
825
886
853
258
823
192
832
907
286
529
995
145
28
756
491
929
397
60
269
869
588
113
711
956
161
127
306
785
295
173
623
405
1
411
605
71
472
124
348
778
651
131
778
120
884
930
232
90
587
510
416
473
609
374
429
839
587
850
502
991
529
353
480
859
370
370
751
107
798
964
489
755
184
441
328
814
13
773
386
759
669
821
727
174
645
482
534
847
639
44
523
478
799
739
329
671
874
857
520
962
669
508
275
739
711
319
858
991
828
352
279
867
432
660
526
703
36
975
541
88
567
400
70
339
316
784
494
660
444
803
387
518
320
871
966
430
470
945
194
136
853
88
809
163
526
201
618
144
361
985
168
757
721
33
82
441
653
243
738
464
60
67
685
533
668
665
62
159
495
739
735
292
131
64
53
731
317
575
358
918
817
581
850
28
376
677
555
284
902
745
619
765
150
903
137
235
789
152
695
107
120
874
642
40
363
900
535
462
408
153
807
804
431
774
863
527
232
22
182
185
786
886
291
648
751
26
651
578
854
317
980
446
156
608
785
46
497
530
387
914
547
517
752
718
945
129
18
531
621
42
622
426
590
381
80
524
785
472
576
944
940
878
171
924
408
402
808
572
288
883
940
593
490
358
517
712
528
850
16
467
547
460
712
389
630
690
892
831
570
117
99
896
883
799
950
321
814
852
402
734
597
318
856
152
665
960
771
783
467
60
262
597
567
256
783
998
837
866
820
115
141
164
744
550
62
84
994
584
404
162
475
478
372
412
274
786
445
319
581
606
916
155
742
763
147
209
88
87
0
409
292
781
398
707
28
727
882
959
915
62
748
977
592
674
536
916
797
765
736
839
472
265
440
516
77
154
149
533
870
502
707
234
872
521
721
365
731
174
179
111
822
303
228
211
476
93
214
544
783
403
424
724
671
133
570
123
223
190
800
599
653
407
593
633
740
219
867
830
624
687
972
654
317
487
983
541
843
27
394
388
714
353
424
130
767
277
31
643
344
827
312
995
770
268
647
476
340
374
518
194
759
838
794
568
116
946
785
76
778
393
391
421
867
675
940
477
202
965
859
833
396
580
585
733
48
523
280
284
891
816
472
941
620
544
825
578
289
963
543
258
957
354
458
70
303
941
744
873
71
161
426
72
231
318
200
137
611
503
178
839
535
467
996
315
484
352
140
671
983
551
835
493
598
362
22
484
384
826
193
178
911
710
247
901
244
69
663
475
672
988
134
137
931
811
542
240
939
922
416
180
370
210
915
943
83
86
888
699
443
551
377
164
345
863
510
283
417
357
964
623
435
79
731
869
138
766
450
601
316
171
505
149
557
423
498
574
128
272
364
590
211
640
310
627
526
144
741
407
192
441
66
881
990
451
659
728
9
190
116
88
283
846
114
613
109
140
780
436
384
855
590
281
102
289
187
819
212
261
366
268
879
495
133
765
495
764
219
766
861
456
521
874
292
343
304
817
199
411
317
127
359
524
609
505
143
997
852
184
814
3
830
199
576
385
49
951
114
510
118
577
896
416
499
555
596
730
494
580
717
593
705
377
890
604
234
938
41
570
765
543
473
477
312
475
936
932
539
843
706
774
458
656
375
722
616
455
767
364
233
418
652
706
421
0
44
100
948
855
274
970
986
450
192
391
697
109
323
531
301
701
931
967
352
805
478
138
315
371
784
288
773
761
88
241
643
599
282
336
12
173
4
138
368
598
456
326
629
185
157
548
917
225
634
886
39
428
209
963
600
913
867
538
518
914
933
836
113
113
343
178
902
679
957
533
705
744
428
45
983
674
490
481
766
627
218
93
41
530
699
98
771
294
693
807
927
76
271
445
450
132
983
688
894
74
543
473
339
266
704
96
132
740
934
791
660
992
544
866
747
531
202
163
801
951
1
954
181
200
202
921
322
91
903
813
503
961
535
896
529
665
593
860
992
228
765
906
139
10
591
168
584
666
833
665
4
886
67
175
707
805
434
203
965
130
466
917
142
353
625
279
927
338
338
883
310
990
970
533
887
638
331
652
957
275
411
170
170
225
440
426
878
628
122
617
607
412
149
781
798
365
9
626
658
695
184
147
755
749
587
862
460
201
145
816
838
140
885
568
166
2
243
336
698
100
336
965
949
583
411
951
692
538
451
12
420
46
790
192
187
398
570
599
79
877
796
306
358
758
908
944
412
703
761
948
235
735
374
844
434
222
368
922
268
884
243
451
35
633
544
468
417
828
365
365
83
343
473
70
522
567
458
597
184
146
629
786
932
97
641
106
337
773
593
543
905
726
476
953
601
86
227
93
522
659
302
979
564
220
347
486
398
451
804
13
670
121
140
454
257
399
22
74
0
304
529
620
96
748
916
675
28
671
570
174
641
689
234
879
142
950
590
232
894
245
566
522
731
790
41
205
992
957
103
674
763
627
517
796
525
299
997
556
303
962
410
652
852
639
869
243
381
491
391
703
69
538
116
841
185
647
672
98
851
342
905
68
748
714
600
619
355
903
501
394
783
306
550
65
708
284
339
308
997
797
73
64
863
53
730
966
214
494
486
130
751
982
48
341
520
177
126
846
87
267
814
295
686
2
754
963
920
162
248
630
947
346
921
373
826
683
780
165
749
33
902
191
647
810
239
96
308
636
540
623
621
499
981
736
258
344
803
702
690
133
768
773
530
860
810
228
496
216
621
737
810
51
788
111
832
6
796
563
971
447
965
564
112
341
878
241
669
711
844
644
487
66
327
172
38
257
137
720
253
895
579
239
889
344
853
709
398
901
130
152
481
430
686
345
221
786
765
957
757
826
234
643
539
652
416
16
107
444
960
190
711
732
272
995
983
891
844
510
44
572
268
116
442
493
10
9
448
560
134
322
37
367
432
510
993
880
569
429
685
448
94
73
512
708
986
185
262
226
846
949
631
422
696
235
770
425
974
575
620
371
229
154
257
377
850
882
974
466
988
7
760
699
588
245
900
314
547
349
100
296
14
830
907
792
576
729
933
60
357
58
470
790
750
194
342
556
829
129
781
701
590
729
872
576
505
758
472
691
672
522
492
577
945
909
923
37
649
905
128
379
203
355
954
454
692
534
646
188
844
905
747
853
388
633
514
522
94
593
160
347
285
493
314
977
18
743
204
170
752
440
366
738
229
632
363
519
669
617
183
533
324
677
292
39
536
321
721
671
969
577
288
341
766
42
794
284
597
182
674
250
359
634
314
158
326
276
886
859
955
952
283
787
992
306
115
647
247
661
201
842
261
786
675
886
543
597
761
166
391
785
152
818
923
763
347
913
546
451
494
289
428
743
992
986
397
723
166
176
125
195
710
943
543
761
406
113
540
761
753
11
371
753
203
486
304
182
522
368
294
178
209
275
282
714
657
70
742
76
222
743
494
317
556
746
386
88
533
907
208
243
616
967
558
668
310
808
161
809
244
984
293
244
113
509
178
77
731
819
663
145
258
183
317
121
816
63
795
29
315
255
953
671
305
470
603
469
703
135
796
830
558
451
764
165
690
684
224
875
528
429
901
223
988
933
0
121
508
354
332
636
581
778
417
161
120
676
758
448
688
621
836
738
594
543
670
162
249
524
680
937
902
552
675
209
217
804
834
529
486
735
252
23
30
847
294
109
97
85
420
202
861
222
428
520
590
254
232
885
738
672
22
979
463
256
253
115
484
537
678
879
857
954
485
380
659
867
50
638
752
957
408
13
419
912
634
598
829
718
397
221
649
484
150
541
425
521
224
898
618
951
585
725
841
991
579
887
368
865
418
145
946
328
807
960
286
220
264
678
563
241
801
723
73
621
659
75
991
359
959
400
535
411
952
760
978
106
442
722
449
62
971
610
433
579
444
20
50
896
35
653
268
821
169
948
791
303
75
344
69
343
375
811
478
408
725
356
64
863
551
819
257
101
455
77
667
672
803
871
658
592
703
471
765
893
496
901
622
661
736
385
424
179
755
935
268
699
381
109
88
658
686
573
61
443
643
421
283
172
745
260
91
183
864
399
24
36
195
242
643
404
592
890
554
456
296
734
805
504
956
686
597
983
705
188
776
996
866
231
61
635
210
7
624
786
906
802
307
440
261
797
666
575
645
798
777
434
825
286
4
370
902
988
10
619
799
277
119
275
602
327
941
850
176
476
423
332
345
717
465
964
290
540
511
35
772
739
864
62
706
650
342
693
647
299
533
432
249
555
758
84
446
689
624
323
89
304
777
138
537
401
334
91
687
922
909
627
377
955
179
870
584
615
111
902
330
879
377
51
957
34
529
556
489
729
744
972
777
854
677
271
366
413
646
355
71
211
960
12
176
731
710
672
294
488
946
1
429
900
459
680
15
662
595
359
33
266
651
295
355
211
725
264
603
932
974
591
303
60
686
1
765
79
909
966
561
225
884
129
131
989
165
716
681
404
672
784
400
905
628
401
867
953
870
976
6
793
600
723
930
847
257
447
316
442
485
742
988
310
745
779
431
783
317
689
714
935
310
484
444
58
719
575
558
134
299
972
673
369
962
915
956
723
86
394
521
370
224
914
763
859
876
266
38
126
718
548
203
907
63
438
799
73
832
747
879
726
553
360
793
784
887
603
458
121
648
317
88
681
844
640
491
533
98
675
997
110
603
842
714
645
896
682
70
602
723
51
186
803
340
127
355
233
827
415
391
519
108
36
300
124
684
210
791
23
838
817
358
946
867
125
579
648
12
214
285
888
277
34
524
387
919
125
649
978
762
395
840
368
678
772
595
710
76
46
732
998
230
921
446
960
583
219
600
232
264
187
872
536
184
251
984
649
839
551
576
29
336
931
160
376
73
409
567
949
800
398
269
917
340
78
353
242
20
854
992
385
456
576
739
734
682
876
507
497
944
833
908
639
258
283
859
860
410
718
517
219
324
560
278
656
420
365
675
428
247
948
348
944
999
191
153
941
758
328
424
344
198
254
241
411
506
463
966
438
605
31
130
357
781
135
188
467
531
737
480
604
866
432
394
744
746
276
560
755
880
626
572
953
148
635
906
455
822
67
4
212
101
113
168
71
374
815
258
818
997
991
683
804
355
357
6
741
541
172
843
938
308
656
554
952
782
859
685
805
225
459
698
818
455
112
180
453
763
867
109
442
830
626
546
57
229
449
875
108
763
378
285
503
111
21
926
650
322
106
365
482
167
259
115
835
951
375
162
210
48
665
544
966
169
831
55
839
868
446
933
351
57
323
923
734
59
941
885
345
882
414
157
986
140
367
59
554
424
163
413
755
673
612
31
123
619
962
416
138
301
26
529
596
771
899
2
962
398
500
522
355
410
160
554
721
493
276
607
510
711
687
819
68
170
424
311
875
783
902
311
102
514
976
10
703
804
109
4
401
83
637
178
180
216
183
153
338
996
988
723
656
304
120
783
9
287
569
179
716
50
919
457
646
673
948
300
842
353
357
902
965
782
382
63
86
470
404
860
530
159
172
833
726
798
393
308
405
141
523
288
306
928
994
154
127
453
705
756
507
877
864
276
507
571
642
448
135
472
38
664
93
105
552
23
531
326
727
200
533
975
722
233
615
573
995
958
605
394
413
437
438
854
594
58
686
815
13
647
562
372
175
657
31
382
605
649
675
187
134
109
893
721
330
139
545
332
733
113
539
260
603
420
813
45
366
92
956
260
779
872
716
51
131
395
523
210
957
458
91
227
296
408
209
223
815
345
747
665
165
751
543
175
351
44
238
729
849
853
239
264
56
647
352
532
831
570
399
785
686
542
462
943
948
93
77
77
581
943
625
82
302
500
675
415
669
514
468
972
70
563
556
822
72
729
18
721
351
481
413
728
18
442
176
166
804
864
244
264
0
602
488
25
957
860
924
569
753
713
987
867
346
992
751
194
167
594
206
143
502
358
737
809
934
25
926
938
700
109
483
802
372
53
339
147
213
986
638
816
263
21
440
874
912
962
275
816
57
725
352
778
224
531
905
490
471
632
722
432
881
488
446
961
173
756
598
587
195
300
900
112
699
67
742
116
549
291
22
84
523
470
85
485
258
54
848
902
88
882
675
20
655
237
57
376
471
396
334
214
562
684
396
493
753
870
161
678
500
736
690
498
119
105
488
637
144
577
265
401
108
507
362
73
89
960
56
75
446
272
662
888
599
87
624
859
221
51
373
371
626
678
428
439
554
116
206
517
37
729
977
752
393
792
436
684
20
900
502
414
79
805
658
852
85
490
253
542
75
669
79
40
555
847
711
6
440
864
505
171
206
235
251
821
249
980
470
776
619
703
600
325
772
174
494
503
297
31
470
467
911
0
114
337
177
400
217
787
710
3
295
776
990
49
413
838
890
755
916
882
755
243
130
13
666
256
623
173
719
803
177
316
502
537
363
90
331
844
212
690
110
976
100
419
849
480
297
637
703
986
184
86
615
654
496
720
125
270
703
345
250
858
176
255
906
515
292
790
227
849
773
703
661
276
522
494
877
619
412
8
67
485
616
927
884
122
733
652
914
260
173
648
942
583
800
935
320
74
331
321
69
794
280
422
192
778
727
398
579
928
58
66
820
679
31
994
181
124
430
148
307
231
34
166
640
128
941
0
260
299
995
457
719
594
89
396
537
478
518
206
594
962
855
95
781
60
873
603
535
248
663
180
726
930
276
118
220
304
866
7
835
482
97
704
650
175
315
756
765
85
676
340
724
900
822
420
522
544
123
390
285
634
492
937
61
882
694
733
773
242
684
878
463
266
575
107
388
435
963
146
417
882
483
865
445
92
517
963
791
792
559
358
372
62
769
245
934
658
524
727
56
828
56
147
573
127
355
157
217
220
461
402
119
690
977
732
34
172
830
618
583
664
852
471
943
711
617
918
587
510
467
863
992
472
680
488
98
733
9
307
436
612
189
120
925
448
385
159
382
314
790
60
984
707
883
591
459
755
57
342
898
539
238
346
610
483
312
339
704
361
259
537
362
752
470
272
909
601
472
327
918
752
208
725
781
413
314
136
596
845
709
403
893
276
681
771
401
906
630
919
365
823
703
986
222
220
333
287
253
456
889
151
918
627
369
881
554
578
972
967
925
208
401
128
34
990
296
208
690
527
788
281
771
506
88
179
573
644
423
783
232
473
728
652
217
919
822
804
355
191
885
343
170
457
96
186
835
108
736
819
608
191
775
947
976
534
91
720
706
60
101
54
985
809
81
834
779
640
24
755
396
888
498
581
592
245
375
995
126
938
420
928
840
629
51
154
990
784
834
468
186
479
358
607
958
675
393
196
610
826
622
168
33
8
709
141
819
686
586
689
534
877
952
796
269
359
851
219
203
147
963
412
784
875
124
766
594
139
875
183
351
912
291
425
407
443
676
338
174
689
901
150
551
616
825
779
44
576
501
857
753
299
457
500
713
539
821
967
281
78
883
207
512
952
378
705
320
622
859
561
326
882
100
32
996
64
514
905
952
396
315
632
838
237
889
463
793
914
75
703
734
528
613
535
857
285
712
308
353
748
237
110
726
205
442
722
595
336
623
889
454
870
50
652
805
332
646
122
619
637
18
160
927
115
206
236
421
642
905
62
934
9
941
708
963
510
732
768
7
924
548
48
674
291
886
801
233
197
724
569
963
161
464
456
919
485
889
930
513
692
528
660
51
154
482
528
16
768
174
719
916
641
710
225
215
256
770
868
568
139
543
183
526
880
839
970
474
42
586
116
520
384
619
800
684
330
789
237
666
529
140
417
630
922
600
393
473
735
539
800
677
131
92
121
920
607
524
218
988
853
678
199
703
488
276
600
118
54
324
913
156
388
769
252
385
20
342
436
14
261
45
968
148
831
982
43
764
730
483
828
737
410
704
87
257
57
480
639
731
921
186
566
419
764
259
26
161
962
124
198
71
582
468
802
145
254
889
776
494
69
352
165
605
310
740
839
899
911
3
809
504
208
339
352
794
46
332
321
258
529
439
954
434
78
988
185
127
353
794
293
748
236
118
239
668
268
847
892
777
150
184
138
226
382
140
876
958
463
512
588
568
108
194
781
731
185
768
762
76
799
179
29
455
930
907
976
610
41
467
978
606
994
452
78
243
815
976
694
515
249
709
920
367
623
42
306
277
339
525
415
451
73
810
390
109
277
169
819
459
400
974
28
22
238
228
234
217
744
27
450
276
489
469
367
915
639
817
230
685
983
407
118
840
349
171
665
794
23
516
44
283
773
868
15
566
856
345
721
694
908
970
211
965
195
846
231
352
71
141
341
790
579
290
321
399
398
944
309
89
614
554
951
374
997
343
422
938
859
218
982
0
143
743
550
555
59
170
842
218
539
410
962
173
249
146
646
276
625
343
804
983
420
517
168
576
971
237
471
125
434
385
759
817
6
137
62
82
444
381
318
621
144
962
178
517
967
826
352
235
433
532
3
304
310
858
595
269
836
801
507
451
922
876
216
143
701
25
929
149
460
253
566
509
489
403
433
395
967
679
755
800
827
545
173
382
320
933
645
793
995
912
449
257
656
829
811
4
982
964
80
337
566
828
854
870
763
560
202
651
814
709
132
415
474
772
176
960
606
634
473
657
68
588
611
499
526
760
925
830
720
311
538
929
205
815
931
109
713
133
634
967
48
680
453
365
114
352
629
80
316
180
675
111
524
171
662
868
585
907
691
768
836
230
465
81
327
826
167
516
568
335
77
406
73
171
188
708
192
953
859
338
870
801
47
400
167
696
374
185
965
800
632
653
800
819
802
255
686
417
792
512
907
569
574
106
629
819
412
385
15
876
364
363
272
627
33
377
783
816
662
533
478
868
583
691
848
708
40
84
223
367
905
686
774
807
730
199
912
804
225
224
548
716
125
295
590
775
829
492
298
550
203
981
183
787
646
373
158
300
208
39
742
1
470
896
558
189
357
666
870
930
815
581
26
61
137
793
947
880
360
398
196
246
448
972
750
633
713
759
416
23
774
994
439
523
907
828
886
896
490
791
202
305
786
69
205
451
133
861
501
44
541
740
744
244
514
951
670
897
970
348
562
106
813
241
550
433
548
420
403
75
486
633
74
908
655
378
250
667
69
497
758
709
192
384
138
805
173
786
914
305
687
722
39
887
859
289
551
383
694
525
264
282
485
101
808
352
776
489
620
40
612
278
459
712
293
960
95
404
68
295
615
547
970
364
180
421
249
165
310
352
643
612
865
962
954
446
314
345
699
271
824
982
992
714
929
208
536
534
66
741
572
877
666
651
105
902
83
605
462
34
662
953
513
932
419
806
10
417
954
235
875
758
225
482
490
417
690
419
925
488
903
837
681
934
397
735
215
236
987
445
52
316
13
774
787
200
337
914
945
17
317
961
556
996
787
687
417
326
19
659
377
825
91
782
847
478
941
441
264
786
477
8
575
950
638
443
653
166
56
594
458
35
95
792
826
443
747
49
199
230
536
541
606
900
537
215
89
226
206
894
921
868
791
858
253
332
548
67
315
616
203
499
634
826
732
4
874
481
868
92
416
812
309
701
370
71
878
161
211
750
940
154
52
598
717
80
240
987
356
171
609
812
134
104
508
755
592
921
862
760
219
797
722
813
477
343
48
700
877
17
131
549
707
889
959
276
522
772
124
615
50
895
724
5
534
581
13
761
727
619
580
486
587
775
415
661
446
774
228
73
859
660
715
868
303
439
420
834
434
308
679
875
474
971
983
494
550
311
177
825
869
453
391
134
64
246
483
271
58
703
282
217
235
630
440
614
787
95
481
228
313
132
299
84
832
203
438
901
643
81
276
447
781
308
907
971
919
399
540
503
711
470
591
320
897
985
853
264
253
590
401
543
765
895
588
573
208
498
117
253
616
631
481
429
669
316
780
555
692
660
220
602
783
743
405
354
522
459
151
333
799
280
753
37
383
24
40
387
502
37
488
418
953
885
109
202
519
185
454
377
521
763
887
995
136
150
882
658
977
815
266
130
359
296
571
443
557
222
449
345
510
880
115
648
507
232
771
456
224
702
574
432
700
256
986
151
220
78
121
774
403
857
769
18
431
100
653
373
642
314
835
668
475
711
754
691
378
435
312
196
213
313
982
54
217
805
161
778
888
708
950
713
43
350
881
778
148
238
721
679
507
650
692
983
731
317
66
551
736
186
168
49
744
52
804
718
3
656
616
559
368
860
309
479
581
121
997
957
66
211
925
646
635
833
493
63
864
152
526
351
11
162
455
635
254
316
467
780
398
581
2
587
624
73
915
84
862
302
675
80
637
951
908
60
543
995
133
351
32
906
770
425
311
254
16
607
51
284
623
580
503
630
436
737
179
617
802
404
185
529
133
902
593
589
210
471
681
837
262
348
573
184
562
392
39
898
368
985
723
418
900
657
393
977
450
982
751
558
224
643
746
151
455
4
178
306
652
97
784
314
317
898
404
5
602
57
679
450
546
220
657
776
903
169
392
961
15
53
567
821
480
229
414
171
775
710
532
114
228
391
693
262
398
444
545
703
423
758
900
139
91
445
683
59
282
399
985
578
856
986
142
66
918
910
833
369
38
415
866
905
104
958
399
150
828
614
368
648
11
188
881
176
807
79
172
302
283
247
656
769
296
75
42
441
758
450
918
510
931
59
314
715
467
120
847
412
164
645
445
837
468
847
370
981
81
583
39
463
541
517
903
201
117
642
333
621
324
470
33
205
504
247
454
323
73
387
555
87
401
373
116
673
149
835
204
790
502
88
489
248
300
885
893
502
520
579
492
443
268
68
207
386
666
919
347
831
302
25
110
152
520
361
841
594
250
820
907
504
330
935
895
190
348
20
275
285
408
763
707
159
795
169
435
25
605
726
934
329
718
832
525
988
117
413
383
18
655
750
809
974
448
864
195
669
610
324
999
80
295
173
110
821
524
777
857
759
732
737
361
733
917
659
851
248
596
55
836
550
744
334
548
236
749
278
530
65
920
482
588
901
650
134
873
528
763
768
134
575
492
419
33
417
752
189
981
264
984
504
66
914
58
910
320
479
829
757
56
677
236
90
759
768
876
130
880
565
660
835
749
829
928
785
994
407
434
660
190
798
310
567
598
618
271
963
736
362
171
994
401
311
249
568
211
323
362
628
319
48
819
260
755
198
5
630
272
36
607
755
922
928
953
661
973
465
381
98
568
609
236
33
361
33
675
328
53
844
472
480
386
573
92
368
795
957
615
119
23
748
763
166
22
801
910
529
57
260
143
117
797
713
500
469
883
951
542
871
344
854
954
275
964
96
244
988
161
974
466
223
874
59
162
496
37
397
385
20
911
375
73
921
658
556
46
714
293
703
966
207
680
486
347
25
827
388
678
882
2
309
657
803
719
28
560
479
604
705
181
157
955
86
112
395
532
152
591
981
746
123
815
661
602
574
751
565
49
78
798
552
449
7
545
894
56
180
34
478
270
839
183
86
560
829
438
925
886
945
635
698
333
224
622
662
633
76
948
956
299
42
784
928
379
255
997
693
955
751
554
713
807
454
395
547
780
591
897
157
468
281
581
628
67
2
566
260
146
52
820
633
398
252
536
48
427
737
882
875
522
809
830
308
540
919
493
889
498
209
35
373
35
46
986
312
513
493
875
572
504
968
892
688
340
215
794
138
822
889
132
837
682
110
729
579
120
208
752
643
181
575
754
819
438
811
182
97
241
532
537
907
496
446
815
551
594
873
75
740
951
164
726
271
407
345
319
34
544
436
896
950
539
861
697
594
714
853
268
956
344
597
780
147
228
449
210
607
324
548
541
481
138
549
565
84
325
607
365
909
671
919
155
950
886
358
829
597
602
38
241
596
66
290
512
954
723
214
569
119
13
133
526
940
764
577
485
937
712
244
453
824
705
246
995
262
828
816
992
586
530
116
80
542
843
432
234
219
262
143
511
777
187
87
689
355
872
810
49
305
212
988
805
623
515
579
420
83
831
317
951
628
439
691
919
565
167
330
613
561
147
330
585
793
121
488
290
689
658
302
134
808
773
826
360
334
41
668
188
184
468
785
119
486
252
541
95
550
689
61
12
98
910
99
51
156
354
18
693
377
743
936
216
179
662
796
730
313
837
213
341
9
959
738
411
182
654
280
15
485
23
174
261
768
762
60
984
301
788
418
871
977
843
557
298
86
461
756
599
156
285
993
963
492
84
418
903
999
104
351
537
405
723
455
908
993
675
307
421
193
281
228
306
4
0
648
345
244
836
959
931
147
653
651
252
610
879
774
335
613
102
71
562
354
859
532
11
368
694
819
526
44
6
635
788
790
685
429
129
794
185
80
274
123
640
650
857
154
219
466
103
148
861
658
349
353
577
75
887
152
62
784
94
217
264
676
64
843
387
40
877
555
646
45
521
926
834
111
385
557
782
770
228
96
113
606
848
678
146
174
925
95
751
711
138
236
33
20
866
151
496
198
858
196
560
184
467
873
72
896
30
258
186
514
49
772
564
502
684
204
754
90
112
48
694
395
637
386
990
676
910
342
263
881
892
801
835
262
531
160
45
976
909
51
277
149
825
102
476
615
424
711
669
771
932
975
118
568
5
135
683
891
25
508
749
144
262
420
347
354
519
632
181
163
586
852
825
616
602
401
493
452
414
844
623
85
621
992
996
515
84
726
691
140
325
981
453
412
853
548
956
834
595
899
941
662
992
114
131
399
919
617
466
193
195
87
500
179
791
447
427
662
326
300
244
826
744
733
388
395
333
811
778
208
297
655
33
268
380
400
936
557
789
34
295
114
386
803
136
498
471
848
248
439
912
604
817
682
901
192
837
704
617
589
737
177
422
390
227
281
186
859
338
304
630
729
241
348
360
829
295
278
511
775
926
218
230
51
893
864
976
442
628
207
270
967
484
81
647
478
785
882
517
207
918
370
176
136
251
802
761
184
940
811
597
176
977
57
708
772
246
47
461
319
726
101
296
493
769
564
607
81
31
513
906
311
271
400
53
76
281
952
32
745
93
20
492
759
966
298
5
556
190
684
784
819
334
285
922
274
946
685
778
893
816
269
628
639
211
654
619
889
168
683
90
163
220
159
128
768
136
193
910
134
954
740
109
714
689
939
497
586
109
9
572
996
784
503
288
493
989
919
413
267
84
109
947
27
30
686
525
911
459
496
538
407
670
697
489
464
642
643
656
523
540
268
305
316
116
228
842
674
225
32
343
366
767
564
182
45
40
694
367
208
484
749
942
963
590
511
119
874
230
218
900
38
844
410
958
23
127
609
254
724
506
829
478
151
415
396
609
468
428
218
355
343
487
347
22
588
110
444
75
338
919
403
977
153
865
743
749
939
886
714
999
703
5
242
284
664
216
871
5
172
303
616
747
48
831
230
846
729
426
578
265
301
604
202
83
200
759
774
748
59
260
129
73
886
567
11
943
998
429
827
473
882
269
954
205
527
576
491
921
524
998
758
157
432
510
68
869
462
914
780
406
34
461
244
682
902
826
763
458
486
522
899
671
626
273
173
116
81
590
709
876
257
350
340
723
933
27
803
324
328
430
661
367
822
374
166
724
242
211
360
377
418
444
148
619
95
57
373
164
544
782
856
498
277
917
343
568
649
223
253
643
17
686
61
19
466
730
291
316
807
86
140
128
511
654
673
978
957
64
757
330
393
556
520
16
676
289
605
399
121
501
118
439
342
472
647
743
234
830
880
573
529
255
139
611
250
645
918
112
297
233
763
240
425
907
458
258
609
196
568
908
487
489
440
644
283
366
488
125
522
645
39
372
266
130
971
647
157
460
727
57
599
330
433
12
522
279
761
995
745
491
893
883
825
656
281
878
427
406
996
171
590
763
183
205
249
91
318
30
358
575
569
88
154
557
444
568
225
284
1
56
519
874
704
488
497
437
173
384
914
170
967
660
9
293
777
883
432
973
225
502
63
203
678
490
479
175
911
914
923
311
695
381
632
366
188
607
181
52
182
22
965
319
541
964
465
382
163
635
939
990
984
378
54
419
317
459
985
589
904
589
250
236
446
605
775
121
950
821
551
522
634
422
264
105
849
15
153
51
480
289
591
536
647
630
30
364
295
486
13
81
145
966
708
414
890
69
417
936
10
92
813
147
84
410
502
372
936
81
181
751
956
960
696
25
673
222
306
969
154
8
46
544
551
487
539
737
895
113
817
614
556
386
314
481
136
271
443
828
126
526
273
478
196
365
41
251
188
230
32
702
833
124
193
333
182
342
181
730
98
500
44
505
400
754
873
410
275
912
372
285
255
251
122
21
290
100
151
899
146
291
99
80
880
568
537
470
969
485
268
876
342
19
573
956
665
536
736
378
352
450
357
987
702
59
450
943
284
544
981
821
55
720
278
826
339
406
291
726
694
394
158
411
511
378
945
642
757
144
290
532
811
833
137
906
177
890
318
577
942
566
583
749
185
0
703
817
863
810
763
57
255
464
766
164
914
756
540
465
150
903
763
84
385
864
589
661
170
260
730
990
35
722
619
951
506
961
105
136
759
913
588
514
841
251
975
562
465
710
225
315
704
527
574
415
932
452
868
930
757
285
354
851
342
87
74
447
720
783
624
971
304
727
258
742
40
840
791
818
554
252
716
61
449
310
889
208
882
145
259
363
552
729
26
138
838
754
538
633
124
340
560
215
61
448
194
938
31
921
985
503
577
1
106
756
403
239
895
684
391
58
221
293
981
341
423
290
268
495
383
520
629
677
692
200
169
359
128
56
299
540
320
541
448
626
863
2
171
822
748
694
877
92
791
764
850
44
979
836
814
89
37
754
142
927
10
248
867
808
903
357
664
956
386
185
325
115
590
716
645
551
356
26
394
371
308
773
225
642
699
943
327
229
334
633
98
837
133
661
284
449
291
789
18
412
298
927
468
519
259
821
405
423
547
277
73
842
185
818
662
451
844
972
867
383
553
747
134
971
313
347
466
308
297
652
957
139
900
873
551
347
667
803
230
392
301
170
999
286
73
439
167
371
632
9
359
994
816
442
246
997
482
221
88
886
405
270
652
490
4
469
476
554
490
249
197
536
366
206
863
538
721
362
966
718
532
57
894
363
239
483
277
999
300
975
211
322
962
775
973
30
70
735
974
410
619
27
238
794
770
292
637
180
749
846
784
497
733
897
156
845
43
138
953
45
883
670
493
645
285
658
730
460
926
442
305
196
323
28
989
585
885
224
789
622
0
71
745
950
917
268
198
622
216
747
756
668
716
509
52
683
825
677
159
367
464
458
866
31
349
489
398
788
275
631
923
476
110
600
141
923
394
303
687
319
681
778
75
783
185
512
227
407
243
690
842
698
952
436
476
389
374
711
676
340
152
172
388
323
116
118
407
75
638
397
339
487
962
899
306
450
823
244
119
407
895
39
317
835
506
963
635
819
746
872
308
622
673
964
123
887
406
430
852
794
263
330
694
640
928
761
628
313
298
493
923
268
335
854
605
438
122
708
700
941
515
545
754
647
376
90
829
188
287
418
592
20
455
67
316
567
455
282
391
712
926
725
667
853
722
20
902
5
388
434
433
574
360
894
450
538
874
98
725
341
436
935
999
414
420
803
690
375
226
280
997
459
528
18
115
828
986
661
644
158
940
545
184
635
603
387
319
603
683
937
870
335
496
113
949
730
65
215
540
926
270
897
570
63
154
520
944
685
315
221
874
219
246
966
269
383
128
972
879
510
952
170
727
101
248
12
821
542
985
673
732
469
758
327
828
558
809
514
620
486
650
240
965
226
951
140
850
383
820
581
684
111
683
930
737
509
239
580
876
221
922
832
240
211
7
151
558
718
746
780
262
209
427
850
121
350
433
72
621
463
875
209
650
146
153
964
450
872
154
301
806
27
231
934
643
834
332
854
419
642
103
259
303
2
561
487
474
579
281
133
217
626
824
694
495
820
287
492
901
165
348
803
127
772
404
567
265
7
866
950
704
78
13
250
981
743
48
858
132
221
275
503
843
429
671
583
805
552
647
735
887
446
954
321
450
277
845
663
503
389
116
771
249
943
513
30
35
618
677
129
818
721
340
251
741
956
614
407
234
377
263
249
722
696
319
197
76
48
285
939
671
673
543
563
585
103
861
890
517
191
60
582
353
889
118
524
653
555
54
347
264
158
361
4
500
926
960
97
985
827
922
119
160
183
935
881
21
12
911
2
584
787
848
463
77
747
182
87
879
877
261
183
859
672
179
910
464
989
849
810
741
873
783
470
987
394
983
953
314
416
809
707
39
946
606
870
578
186
905
967
197
918
263
400
577
60
495
555
531
553
157
524
204
174
168
900
838
71
531
342
81
753
473
920
694
72
289
832
843
2
737
560
653
476
495
336
372
614
723
150
112
885
744
324
281
230
265
478
980
378
152
166
649
674
450
966
353
224
382
377
181
823
860
31
530
545
930
619
705
619
241
699
491
806
103
412
713
221
302
215
769
198
98
483
37
312
775
528
557
159
216
485
268
982
644
519
785
193
307
167
748
374
879
903
504
152
990
369
488
400
59
923
42
80
508
74
728
325
942
138
189
793
668
576
388
169
79
757
500
618
495
647
945
731
176
509
532
295
512
726
290
697
732
223
33
852
954
392
591
278
618
265
309
873
501
46
81
630
359
28
433
726
714
271
267
814
368
473
330
174
665
169
466
542
341
382
892
989
57
303
110
856
886
640
794
540
440
635
926
416
738
0
948
553
774
50
175
843
42
848
470
497
975
813
253
314
546
773
367
528
901
956
344
110
536
412
439
909
185
82
512
547
411
438
911
969
186
30
921
903
52
254
436
750
707
869
0
9
120
175
85
617
1
195
979
788
755
256
744
25
99
433
819
643
621
489
872
688
440
629
965
52
673
133
977
663
771
463
348
63
305
624
770
555
130
223
505
806
747
721
697
540
250
458
675
220
438
262
546
42
940
556
974
440
853
60
0
848
539
701
592
809
298
53
178
51
803
454
607
688
236
993
479
818
531
138
276
403
41
568
401
117
227
759
994
54
356
244
77
191
775
252
646
257
855
362
841
981
753
323
160
207
945
735
685
766
314
22
425
354
570
12
570
114
489
315
843
882
218
27
309
806
657
953
179
925
485
153
772
588
527
401
842
341
136
92
767
981
482
880
895
959
892
429
488
264
777
817
334
656
170
349
627
353
968
846
547
296
654
32
918
429
482
590
111
88
76
134
938
434
223
837
858
333
581
247
455
545
104
472
478
596
730
68
163
974
902
440
234
718
231
619
803
756
974
732
340
587
257
705
880
770
735
257
733
400
160
383
756
954
777
459
697
555
181
47
466
334
695
451
156
827
53
941
880
404
630
72
373
42
139
400
743
33
923
48
702
373
857
296
273
591
544
166
777
808
295
943
722
264
696
410
652
475
962
322
456
658
838
542
878
370
470
727
883
410
897
133
743
350
36
158
556
691
923
404
187
78
5
370
185
646
188
355
511
339
443
815
463
25
427
130
186
693
246
219
942
226
581
878
989
697
669
14
321
371
403
971
83
731
865
948
843
621
552
897
681
878
797
663
42
638
25
24
814
49
360
895
518
965
930
30
604
312
304
460
458
666
535
653
724
435
120
695
754
993
344
503
142
607
130
775
540
565
91
708
934
752
366
919
975
823
573
80
567
33
313
498
541
694
953
936
476
696
910
402
340
221
895
979
689
372
248
465
217
394
685
314
822
272
589
904
491
827
642
385
339
743
636
86
422
456
101
742
677
223
615
30
460
46
242
95
767
704
538
564
309
840
612
222
89
764
625
518
912
837
139
350
301
854
509
908
327
903
904
932
396
397
567
513
207
47
980
72
916
520
515
546
796
460
4
547
877
112
902
331
769
171
391
721
30
387
744
263
406
557
309
430
52
621
27
287
655
598
225
210
268
270
961
807
699
89
112
247
252
929
49
270
866
287
840
7
53
344
473
3
470
231
601
216
163
547
989
746
402
100
135
73
658
896
470
895
558
852
709
404
219
465
724
760
40
621
762
244
197
115
909
285
131
664
176
542
715
363
202
801
875
808
303
473
380
992
952
359
143
137
342
528
509
430
444
783
310
723
738
236
825
575
382
256
786
61
493
604
73
953
958
157
783
740
728
358
660
908
370
667
412
732
736
933
408
363
390
750
136
179
444
963
390
680
361
673
102
274
788
661
993
993
