206
696
68
396
851
736
978
578
589
618
447
153
753
174
467
11
307
599
344
849
977
562
913
806
225
115
548
816
328
951
374
882
648
636
257
55
469
709
476
354
525
818
375
601
810
156
338
239
949
469
961
56
832
782
406
215
919
874
179
396
172
440
626
769
783
990
627
555
22
520
265
990
982
768
505
761
926
624
688
33
61
859
80
786
968
977
167
519
777
297
173
338
854
169
687
320
61
592
525
724
354
221
572
195
405
729
24
39
451
471
578
965
135
803
194
90
396
624
562
426
537
740
350
225
746
14
627
698
384
608
827
956
460
863
34
29
837
951
273
959
731
572
117
607
631
571
930
236
969
46
353
956
461
239
515
834
732
124
889
876
658
208
962
905
329
347
736
664
154
767
719
931
299
235
131
898
337
933
813
964
907
712
905
185
864
38
751
803
247
958
340
10
225
894
645
982
325
396
312
87
592
126
151
129
710
122
761
524
418
751
366
751
557
698
526
140
862
589
327
391
959
897
338
552
528
93
321
968
419
783
463
296
819
510
923
84
681
570
443
567
524
284
241
920
196
71
20
618
404
440
566
370
346
393
389
385
412
696
681
657
672
679
585
485
79
309
794
81
640
162
772
752
317
463
99
468
116
612
495
743
508
947
736
505
906
41
483
35
551
525
1
391
671
793
162
731
49
158
29
882
390
276
578
794
440
654
343
733
640
692
803
391
20
58
258
206
923
142
662
912
30
727
910
86
110
800
870
669
116
732
754
661
560
532
40
635
217
260
537
265
949
491
108
357
47
569
168
135
331
827
323
396
534
217
915
552
318
505
496
424
611
333
869
838
626
47
385
949
28
172
806
867
255
78
29
263
913
676
364
976
836
380
702
477
34
537
181
803
942
888
630
609
820
747
201
543
183
400
507
133
702
828
266
264
657
65
100
567
558
183
60
508
138
239
787
941
910
858
783
402
680
992
994
146
347
964
530
758
220
420
96
455
473
695
199
595
296
591
75
786
746
654
308
798
539
605
718
297
454
760
789
802
57
589
426
463
794
867
197
662
509
847
645
494
427
665
564
400
72
829
40
635
17
518
375
693
336
861
314
781
750
47
820
781
204
444
976
750
918
667
341
419
885
52
727
751
95
934
530
563
180
758
13
96
504
985
665
826
976
696
797
21
755
499
560
705
191
353
417
689
92
490
374
530
705
879
784
727
649
842
63
505
401
519
759
923
730
52
79
235
741
285
817
157
288
551
563
753
899
23
281
149
535
579
213
502
428
245
445
631
325
89
830
388
315
92
450
673
90
667
860
787
380
414
500
376
632
857
427
210
399
786
76
406
747
10
557
147
196
730
162
982
72
263
204
411
101
439
122
581
558
851
884
558
929
471
88
779
401
884
732
967
85
911
966
376
580
379
99
198
771
57
554
543
20
152
540
215
492
983
99
957
658
350
900
385
335
693
546
266
838
748
105
548
90
170
811
918
806
882
202
545
773
455
139
725
311
256
251
798
492
702
985
203
888
714
504
63
467
499
175
440
316
621
470
349
817
286
967
261
510
299
159
210
687
239
928
933
964
251
860
19
896
344
200
988
141
65
898
316
161
206
825
75
101
836
248
343
615
176
614
497
382
442
141
765
453
702
372
771
751
189
35
418
397
82
731
340
438
721
560
61
876
178
725
181
615
507
850
645
704
603
323
734
252
563
152
244
947
631
869
378
356
242
421
288
319
920
208
255
302
156
686
900
985
538
662
699
124
95
480
251
591
908
564
487
867
98
253
981
116
79
493
335
591
702
741
584
345
789
409
624
641
448
783
456
499
786
130
609
762
4
175
694
505
982
203
322
335
331
263
940
933
521
481
863
492
173
704
966
288
509
692
396
787
135
751
274
359
272
12
378
92
358
443
48
906
910
133
969
748
786
34
603
889
210
813
12
936
499
473
158
31
86
851
871
280
911
219
335
289
565
400
651
590
113
606
31
125
24
7
921
758
907
779
960
957
566
485
322
726
349
589
549
571
753
899
229
109
786
790
732
269
639
193
88
381
754
342
39
216
919
331
629
170
930
94
926
853
519
181
471
202
645
918
814
640
884
224
970
100
790
773
941
390
762
828
109
643
211
455
458
388
775
678
531
298
803
94
625
653
28
929
509
616
80
595
205
666
179
478
977
771
846
411
212
104
81
198
14
998
185
476
262
480
397
772
197
700
722
191
758
416
463
861
729
788
587
37
903
780
305
33
807
917
901
540
79
561
817
937
62
545
281
225
646
614
261
816
440
555
236
149
824
515
60
773
951
474
704
258
398
883
811
517
120
70
577
509
105
203
421
314
763
416
485
659
543
578
522
704
248
475
907
965
139
377
488
860
674
663
628
606
296
738
740
85
984
346
597
113
214
883
826
429
767
871
930
677
348
993
32
223
136
25
604
323
651
415
231
72
288
286
676
548
73
14
97
143
858
454
37
853
211
700
308
662
902
130
829
164
465
79
428
552
518
199
236
394
197
185
796
635
155
507
74
376
971
891
774
429
323
148
61
148
466
299
845
545
182
582
856
451
770
568
818
889
132
731
165
694
316
26
684
146
576
130
764
63
268
837
342
37
23
442
417
930
378
244
452
178
409
429
657
734
484
975
133
764
719
351
780
395
100
231
770
945
979
471
580
92
728
79
589
145
2
75
588
492
412
554
291
252
876
773
978
954
609
369
546
606
178
121
390
694
250
804
323
533
279
870
152
331
73
61
752
502
368
867
484
357
334
266
654
85
731
73
209
994
896
626
548
884
435
772
861
171
273
524
562
736
473
148
122
881
949
837
307
400
588
94
300
874
19
504
658
719
306
341
25
811
658
109
280
840
676
821
55
21
133
884
612
975
749
459
624
426
303
201
697
859
115
560
752
606
503
927
219
56
708
181
85
232
717
319
633
519
466
990
534
224
986
808
348
461
775
801
117
96
795
6
214
363
345
61
652
261
919
988
804
626
431
445
899
221
252
371
308
268
121
701
832
641
181
947
231
552
211
801
436
841
94
159
335
340
610
122
445
180
253
915
338
394
109
442
846
391
123
743
884
349
196
276
343
579
289
466
144
795
804
919
971
121
843
81
688
546
449
362
973
726
463
207
192
980
762
759
793
993
758
957
902
317
873
161
905
642
698
289
52
609
896
879
269
235
406
512
644
305
452
489
785
872
649
453
202
836
76
935
394
32
858
17
254
456
762
559
985
275
829
763
831
184
321
566
86
443
748
647
136
188
709
219
797
221
582
769
886
382
917
456
620
615
202
952
639
281
540
378
978
9
836
157
860
890
259
94
737
70
31
923
927
961
264
820
901
170
761
38
453
150
843
998
515
442
851
694
925
909
243
247
882
761
661
627
791
972
540
701
708
991
357
664
798
314
419
48
229
969
601
297
85
128
487
179
355
814
576
311
629
89
626
0
68
942
324
944
317
699
646
214
466
51
922
953
960
108
656
892
826
225
303
214
762
167
0
628
615
71
444
558
651
631
710
667
27
268
83
713
874
489
310
821
575
677
904
907
274
459
853
3
454
475
929
952
944
649
9
310
645
623
582
687
666
788
275
331
741
624
104
106
753
211
328
942
663
425
485
354
975
684
868
809
926
142
874
836
161
800
685
292
200
516
487
208
646
748
541
363
437
974
431
902
742
692
496
694
350
852
644
841
388
89
825
498
919
35
110
510
164
330
769
706
332
890
533
843
924
891
800
202
735
496
834
826
654
162
937
695
776
241
682
645
444
270
554
978
843
528
898
729
803
953
729
628
437
140
795
685
272
573
287
65
703
252
383
705
13
440
32
527
217
437
522
937
540
201
233
173
375
864
329
58
754
642
248
150
471
926
158
9
693
742
656
165
313
14
993
113
278
282
89
937
949
995
792
883
368
933
907
240
928
200
159
308
110
769
316
188
750
229
360
172
936
953
573
451
681
257
532
883
598
251
488
232
960
143
632
965
507
982
684
709
184
195
881
957
451
970
991
963
87
252
783
170
844
276
738
6
355
393
669
230
320
152
993
483
798
894
334
819
49
143
264
666
469
502
266
878
308
553
310
30
212
23
286
446
598
665
381
705
627
811
215
564
793
398
943
307
379
779
359
834
503
821
154
498
585
876
910
302
589
274
37
225
722
955
914
494
738
862
592
106
5
82
382
674
53
175
79
13
284
683
422
494
505
141
455
273
250
649
897
375
507
656
87
512
717
820
526
459
18
533
424
645
597
51
607
852
206
904
77
86
843
1
424
715
922
441
499
395
122
586
407
710
58
793
562
207
961
372
182
844
869
699
769
84
471
849
100
189
411
845
13
609
125
137
448
812
711
334
538
589
247
522
205
134
709
519
336
474
147
113
46
611
213
756
423
853
111
496
27
66
782
402
466
98
878
88
489
406
219
848
344
161
740
318
367
717
993
832
77
182
213
215
211
388
246
372
621
978
905
21
944
750
67
3
330
325
795
361
610
12
539
539
968
541
124
424
535
516
657
30
63
509
68
825
335
509
637
95
832
41
434
219
213
62
735
660
607
30
846
577
628
628
362
283
951
740
733
471
715
682
258
46
9
973
293
131
41
528
270
425
132
5
380
639
856
518
582
232
621
849
996
459
781
183
773
500
801
554
290
109
998
793
71
149
574
257
18
674
690
713
524
190
245
842
356
740
796
817
459
669
626
19
818
507
864
516
655
538
402
227
319
694
532
606
909
589
363
589
144
305
760
494
579
497
887
388
534
686
654
644
762
526
408
479
2
6
154
389
685
952
509
204
976
358
314
356
679
626
652
558
84
933
302
265
128
752
109
160
303
370
696
163
393
886
541
88
314
472
109
87
770
244
583
511
464
266
218
912
906
330
724
598
600
489
752
286
351
965
428
880
433
307
168
994
881
618
443
373
844
435
391
765
411
432
188
250
821
486
619
966
866
272
360
275
66
921
19
474
947
62
248
730
49
878
186
900
288
494
438
967
6
501
179
612
876
257
136
936
930
765
886
553
754
536
509
287
812
538
970
153
433
661
589
657
36
918
360
885
210
831
812
763
826
554
990
176
408
995
255
357
19
795
425
542
286
789
52
568
364
823
609
55
844
855
646
1
836
119
696
299
962
639
207
701
686
589
907
500
603
123
788
709
572
213
943
449
275
797
188
865
949
509
244
111
113
280
896
830
583
894
397
584
821
466
252
498
596
290
958
429
410
667
532
4
833
902
252
997
341
458
640
895
242
231
992
198
683
364
903
461
375
118
116
744
142
342
951
189
442
934
35
959
57
336
603
927
614
978
421
823
895
937
203
444
449
17
680
784
319
927
263
760
538
508
943
513
186
590
948
850
483
684
351
166
899
573
421
736
863
22
524
683
909
615
186
101
21
24
680
176
336
253
844
749
434
875
716
173
229
622
134
77
99
512
805
589
844
928
253
677
72
693
327
228
124
182
473
119
193
919
549
859
731
162
217
391
445
551
599
680
209
545
258
754
685
271
833
136
994
572
808
841
389
60
210
159
408
451
299
957
571
627
186
892
140
425
739
866
262
917
274
368
781
989
580
174
327
333
559
925
318
260
443
480
147
382
856
240
428
122
838
19
934
495
859
752
990
552
174
442
400
576
179
311
299
204
584
443
492
732
684
622
94
614
711
830
164
479
653
522
885
558
844
69
38
936
340
419
77
729
854
939
513
989
933
41
399
627
385
7
96
531
731
911
782
76
947
216
581
852
501
714
830
413
578
319
935
544
18
833
38
897
791
570
436
863
276
92
222
70
141
693
591
267
72
998
898
491
769
240
874
921
36
884
12
18
563
534
396
934
64
261
61
405
380
777
685
187
37
601
980
426
150
873
365
858
160
509
852
824
918
740
880
296
503
659
954
624
197
116
987
451
226
964
213
367
706
326
167
132
307
687
412
944
129
799
517
12
758
512
563
29
950
935
169
839
41
580
413
765
618
439
815
853
677
769
586
148
917
756
216
950
170
648
883
327
657
515
413
547
142
101
841
831
805
637
730
266
86
371
513
51
359
858
468
864
779
961
298
896
776
903
539
926
7
809
532
202
796
890
792
886
781
381
850
298
279
490
592
244
131
235
313
95
32
985
278
559
786
880
598
495
881
140
564
783
220
30
603
245
636
351
306
678
93
575
995
209
15
10
805
337
427
369
409
389
201
745
881
766
470
849
900
388
994
269
167
501
543
554
422
395
374
77
784
185
636
741
871
746
770
266
78
270
330
32
502
321
701
756
529
234
961
465
560
653
104
200
960
829
596
402
766
826
262
674
748
163
718
500
651
152
124
765
360
614
421
709
812
79
385
800
739
742
65
140
629
997
839
271
795
499
245
353
434
244
319
2
427
662
493
976
995
478
817
206
773
742
503
308
406
987
17
71
409
54
370
782
848
63
474
656
420
657
704
517
732
895
95
599
665
641
735
788
706
602
364
219
155
328
364
505
728
857
593
575
280
927
350
434
237
552
78
766
815
245
889
375
792
61
832
750
914
533
487
85
69
262
58
607
293
459
136
295
279
405
460
435
28
773
107
52
646
109
304
381
32
419
402
958
947
99
815
604
946
936
986
694
887
487
599
807
526
705
63
707
607
810
160
455
233
42
612
706
82
912
833
842
307
846
545
4
920
29
751
932
886
790
874
485
964
985
999
629
124
102
798
296
451
750
583
656
692
493
13
742
219
798
552
255
676
346
945
494
140
767
166
538
200
185
333
547
50
864
693
623
241
86
881
747
736
867
630
944
599
519
619
84
397
619
424
66
920
828
750
175
219
45
774
362
941
328
94
367
810
784
943
831
11
582
506
552
585
71
888
877
783
966
585
258
573
947
612
46
249
495
613
452
848
139
332
288
665
708
834
387
979
973
959
947
693
34
719
851
963
324
923
386
345
5
579
722
871
18
145
591
844
944
473
625
863
172
60
776
713
83
44
156
766
731
434
30
475
420
651
535
153
151
585
115
215
489
853
456
262
147
411
145
205
122
838
842
725
694
650
423
687
369
928
461
210
854
107
917
872
923
594
144
920
452
767
724
958
77
236
986
790
204
829
224
521
641
456
346
814
659
977
584
553
97
426
452
784
81
424
546
834
976
193
396
579
455
289
873
195
134
587
818
572
664
20
921
258
490
948
845
253
505
510
926
265
623
375
690
599
930
763
218
796
513
42
909
679
260
634
454
968
807
766
564
396
554
669
358
789
152
717
713
734
218
533
47
317
656
738
662
153
435
593
882
90
354
708
32
831
406
8
448
443
764
882
477
745
927
585
925
687
128
527
472
575
147
250
663
351
591
567
690
26
449
238
293
600
78
328
400
448
923
701
562
78
762
234
425
664
92
247
513
10
973
711
415
529
216
0
272
45
0
147
67
487
921
229
207
474
105
460
354
686
214
966
368
839
92
242
820
804
963
106
126
28
811
984
633
731
117
821
343
169
744
104
356
436
597
980
500
788
791
859
626
940
18
310
942
400
639
774
449
370
713
21
848
447
887
6
459
734
78
467
913
513
883
765
34
748
66
21
504
210
253
681
291
902
325
59
928
815
870
755
797
133
354
893
588
153
292
381
209
857
679
615
817
336
451
819
121
67
404
821
496
560
39
35
754
58
481
407
458
879
437
524
972
698
266
638
124
916
623
218
278
934
764
284
931
329
446
184
796
54
919
984
879
538
232
355
827
609
371
559
809
124
121
181
233
540
901
771
230
318
163
128
599
57
401
200
451
410
80
526
656
321
390
489
928
236
572
727
249
681
959
471
248
993
677
571
73
944
246
2
445
937
293
619
152
623
881
205
773
478
724
980
897
527
687
557
529
706
80
675
713
654
209
450
322
404
158
713
727
362
299
765
981
643
351
744
76
131
122
24
358
841
830
931
954
109
596
144
581
592
103
306
567
827
949
830
5
896
583
819
760
429
110
601
986
263
984
489
192
394
694
189
64
774
819
833
552
630
35
414
937
2
445
464
262
813
519
493
261
185
341
293
784
589
85
177
712
816
513
20
992
456
426
31
601
283
254
905
615
655
694
659
303
981
231
49
59
663
83
420
4
754
994
4
435
487
146
155
916
852
561
605
647
736
818
475
204
699
396
447
754
539
603
434
605
387
720
641
362
670
244
494
783
865
805
795
484
263
730
345
864
806
761
207
122
590
378
781
781
482
912
456
990
559
12
680
325
729
157
885
550
197
976
921
963
361
615
790
432
912
257
416
58
874
247
413
300
39
886
921
584
916
38
439
567
902
718
281
125
996
217
880
500
297
553
551
515
894
918
754
250
366
115
244
965
795
470
806
699
503
466
243
289
301
771
536
0
533
5
441
552
86
841
687
7
5
44
341
131
948
46
962
127
711
956
697
173
207
195
643
657
521
234
486
717
633
394
895
110
736
205
612
450
244
368
244
605
958
102
791
423
335
74
594
475
44
504
122
318
553
833
122
114
778
218
848
255
188
688
649
805
233
754
533
928
851
890
533
352
504
177
977
147
323
262
638
953
20
379
84
205
917
189
62
515
53
741
747
570
2
232
89
272
119
103
417
724
509
484
669
892
374
226
382
387
108
207
75
983
376
433
579
404
711
898
995
592
775
377
643
324
87
334
611
444
524
722
708
732
88
193
481
598
556
781
931
540
454
472
348
270
447
453
555
329
987
92
854
629
611
232
558
225
599
55
396
516
100
765
169
675
406
781
428
642
783
974
212
257
86
637
933
421
714
917
672
799
253
592
466
661
366
880
582
787
558
798
799
334
485
374
718
477
637
221
298
788
107
577
733
358
838
475
306
262
104
683
661
138
913
377
611
805
987
843
801
31
1
168
296
179
976
399
173
790
295
613
783
351
147
585
370
239
915
950
24
845
339
812
871
582
211
587
982
704
511
910
904
178
34
632
379
82
147
53
643
434
946
359
760
768
76
468
494
952
609
232
778
336
71
197
114
455
207
99
125
683
301
357
514
95
86
634
413
45
370
285
996
773
736
18
279
146
681
180
646
725
828
304
972
49
913
848
993
250
90
149
646
202
930
108
138
930
705
387
681
161
328
481
907
300
815
863
563
778
111
215
998
323
625
511
235
140
420
706
2
938
630
899
557
721
298
639
3
255
496
110
395
466
634
494
646
786
522
724
869
116
233
527
489
972
642
307
842
503
965
511
279
186
32
876
548
811
96
42
714
746
253
136
360
139
243
103
431
603
701
420
499
819
956
17
277
190
212
871
317
140
336
378
845
584
108
801
809
789
976
848
19
151
349
924
779
873
512
634
475
539
195
636
488
789
643
553
388
988
556
984
721
271
576
553
552
456
14
376
831
186
783
647
89
483
613
478
128
343
164
474
117
430
874
695
80
819
139
827
691
458
316
489
688
454
17
567
395
52
443
333
819
335
713
697
930
273
991
843
227
258
252
42
827
64
21
658
192
44
943
587
590
796
810
527
104
835
681
407
420
449
597
722
495
368
185
524
648
348
177
591
209
806
507
720
239
830
16
488
299
362
52
757
512
55
776
781
821
666
737
263
757
580
809
318
49
104
180
786
24
194
421
924
445
918
854
54
174
874
327
837
317
770
893
693
71
742
660
255
657
769
879
513
963
152
940
818
349
652
45
848
182
959
89
0
835
751
665
746
748
954
846
382
722
383
519
455
237
332
56
178
562
434
103
650
361
353
880
60
13
824
769
442
261
213
215
751
183
813
711
318
588
201
593
295
791
542
6
86
79
631
322
969
531
689
860
207
109
611
675
272
335
39
483
788
674
953
861
220
582
124
564
639
20
227
187
266
783
483
757
96
400
970
884
337
209
411
51
386
673
434
207
200
942
102
504
530
345
648
597
811
515
375
213
297
942
93
970
669
62
513
312
351
814
921
716
493
542
220
847
576
738
434
450
827
607
873
67
352
14
285
957
345
987
194
438
880
567
425
778
100
697
685
356
880
603
313
213
497
896
152
525
916
580
304
222
242
20
995
529
410
413
60
368
321
480
99
386
352
370
829
605
577
994
507
749
623
964
220
530
314
611
706
145
524
699
326
977
875
675
281
165
627
137
65
881
456
352
620
446
332
789
668
96
427
576
334
478
553
205
744
33
755
737
503
53
995
626
378
686
530
344
263
252
273
815
672
854
960
238
234
261
122
186
433
863
699
268
787
212
688
505
112
845
785
576
594
648
453
270
815
696
66
661
528
322
342
379
566
474
96
7
464
915
685
510
971
166
151
820
326
306
424
934
88
514
951
795
569
548
877
635
610
861
543
32
225
362
632
337
413
721
930
726
83
982
432
221
563
945
187
395
738
765
927
302
132
76
994
703
845
325
440
413
317
408
470
620
630
8
97
741
947
991
554
119
839
607
800
667
358
100
930
405
420
416
664
294
624
638
468
398
693
0
251
951
941
604
402
197
194
681
126
562
571
391
212
390
927
61
794
267
9
884
744
294
344
168
7
194
657
14
548
670
323
201
864
815
631
55
887
672
586
713
339
357
137
815
701
184
752
369
800
258
350
723
882
915
817
704
495
349
961
815
595
235
948
923
612
703
326
196
690
936
394
771
188
802
897
978
105
23
557
954
247
188
299
622
803
543
44
853
294
420
870
949
159
959
379
363
643
147
534
775
135
41
173
515
365
645
623
716
266
722
572
170
123
269
491
346
695
79
476
634
70
67
115
340
796
544
885
404
369
217
707
364
136
584
624
958
674
49
848
585
951
674
911
493
576
240
675
657
779
421
798
740
12
126
12
584
957
961
886
66
386
348
449
670
59
471
294
760
287
947
975
789
737
181
346
744
138
35
13
216
163
791
222
343
380
873
318
237
302
630
906
427
450
295
916
587
204
717
709
116
55
727
863
116
198
598
483
287
732
656
326
772
777
280
360
334
138
719
931
983
948
540
124
272
220
399
865
278
822
387
247
695
448
801
990
370
162
161
795
341
492
396
947
63
220
885
999
597
362
461
272
194
562
342
424
104
118
967
427
947
5
990
280
108
468
821
320
292
663
995
489
326
525
138
383
911
965
825
216
305
840
791
506
315
804
968
748
572
946
85
830
814
974
779
5
728
865
110
103
28
932
847
807
487
730
240
206
126
898
104
334
894
40
529
380
228
191
351
530
227
166
539
366
307
364
22
698
799
841
689
448
391
706
897
106
916
864
680
380
850
806
894
335
527
438
7
266
914
207
717
911
495
156
654
543
870
972
601
907
835
465
290
464
537
295
53
550
80
172
71
165
822
246
216
884
185
989
172
872
737
766
400
270
156
257
114
965
580
553
234
771
675
765
837
114
446
671
968
806
399
336
769
830
725
965
680
988
127
667
901
99
613
987
164
588
127
561
987
677
431
375
716
815
49
465
861
354
347
133
485
551
215
817
489
977
597
752
109
313
93
10
678
565
755
839
579
77
363
536
924
881
492
531
379
738
977
689
495
92
346
237
216
660
913
859
85
756
641
954
984
616
937
223
539
284
573
112
851
284
725
882
786
847
503
536
932
921
632
729
120
852
784
179
254
226
396
586
879
386
180
439
727
660
876
231
807
763
176
257
575
638
145
795
273
170
620
858
210
520
202
76
161
134
666
389
81
669
345
841
644
735
76
916
141
474
485
444
135
438
489
655
132
535
866
295
333
54
848
326
665
738
746
504
905
423
642
684
663
137
599
750
359
695
92
820
342
806
461
491
407
241
370
357
533
90
228
17
690
600
741
112
61
932
700
719
874
778
598
886
860
833
856
964
150
662
856
212
623
28
619
432
651
960
545
840
198
28
637
663
739
626
784
947
499
890
909
535
449
354
264
102
611
394
304
110
3
521
235
407
907
663
177
215
518
271
696
51
835
472
70
667
101
578
926
267
462
352
713
370
354
821
550
57
319
895
68
801
427
675
195
153
382
475
507
803
478
563
501
650
193
44
909
643
524
186
913
884
786
705
971
805
321
575
898
986
135
93
383
786
18
639
883
895
668
350
726
490
869
135
642
306
322
42
582
57
812
104
422
940
892
457
736
228
922
610
954
501
652
56
6
899
243
331
439
580
274
210
310
47
560
543
469
238
773
694
60
498
512
183
578
788
511
294
507
123
392
267
664
151
292
787
13
977
324
507
331
557
235
676
390
949
394
967
760
299
771
493
716
402
94
116
687
650
455
370
785
454
808
799
986
652
562
779
167
104
919
361
875
421
283
223
538
441
961
723
417
116
450
187
305
733
416
921
763
713
232
673
317
801
662
457
730
278
642
204
624
228
321
578
467
840
311
136
63
376
319
95
979
773
469
564
144
479
394
20
624
886
871
977
940
128
789
757
254
356
801
737
685
817
269
75
759
683
9
147
553
892
697
664
233
91
568
243
709
620
610
911
196
412
423
964
298
358
347
151
753
127
890
487
50
363
345
711
899
586
696
163
747
170
795
65
65
313
224
669
835
800
458
864
498
135
676
542
25
233
786
395
343
613
913
738
122
205
743
938
956
951
829
613
914
374
297
725
54
524
471
533
342
118
952
434
309
460
419
333
56
27
583
454
339
849
491
741
354
277
796
8
756
208
550
5
705
20
806
794
412
583
763
681
555
684
5
233
51
182
982
395
89
146
966
562
27
872
466
493
157
629
948
45
376
793
910
46
533
536
695
748
743
847
416
274
357
228
672
122
519
666
451
20
368
280
690
829
794
973
932
854
688
939
587
341
876
37
401
797
481
541
392
485
82
478
329
799
569
131
972
111
892
667
206
230
498
794
817
938
884
757
157
483
606
977
444
685
444
784
435
381
554
377
621
698
43
939
746
82
731
326
316
638
304
374
722
219
211
564
941
93
517
59
55
401
412
820
684
24
437
263
345
972
531
886
265
840
309
431
839
40
966
495
69
841
382
446
706
919
302
266
75
306
89
483
272
436
293
968
263
586
473
741
446
332
89
674
73
66
348
529
444
852
863
395
515
678
778
455
845
807
744
600
462
149
332
42
859
759
366
313
33
855
133
270
991
745
359
447
562
908
772
386
550
99
529
990
905
816
600
734
932
879
852
906
324
275
906
3
621
367
427
907
117
243
302
327
350
392
866
131
829
794
617
392
840
89
88
596
509
588
180
326
509
763
278
940
775
807
247
715
1
128
223
282
329
970
518
299
905
461
85
288
745
128
271
38
271
850
2
896
257
316
114
291
939
110
228
633
804
964
199
709
819
645
110
570
447
401
331
351
531
820
197
35
392
794
266
169
461
201
752
560
226
886
270
818
690
421
919
495
111
392
310
357
775
171
877
822
60
362
951
894
609
552
54
432
72
941
478
636
80
786
321
431
772
964
956
334
359
443
94
216
427
719
800
344
745
150
192
484
803
851
152
493
982
870
43
123
675
652
672
852
27
411
950
136
794
596
56
76
541
62
114
217
646
987
249
985
790
457
274
118
162
903
280
911
790
297
465
119
613
659
434
635
611
406
54
936
418
153
326
7
800
351
2
583
58
209
253
181
601
161
191
177
371
498
109
296
141
302
155
818
476
422
825
368
243
176
835
916
94
360
954
548
781
293
528
804
828
326
505
751
719
33
732
434
179
40
505
325
712
721
621
807
66
361
177
677
759
12
569
470
659
971
392
6
230
74
368
397
519
917
599
811
595
694
789
451
526
870
586
257
649
686
725
329
340
104
14
542
443
327
13
507
36
583
692
353
649
515
303
198
433
98
340
774
905
340
837
257
447
646
283
65
127
824
980
62
134
536
69
823
732
381
242
519
727
393
466
578
554
843
896
955
884
521
644
851
469
863
465
336
179
62
207
584
419
132
944
248
508
563
712
613
621
905
437
718
702
380
998
508
179
775
872
119
533
670
996
719
827
554
644
244
79
185
524
106
987
949
925
36
161
39
836
660
938
688
98
172
974
796
389
380
282
947
435
936
712
149
630
149
368
794
515
896
924
779
653
628
858
128
830
526
946
583
318
262
247
182
92
172
387
189
385
765
82
411
988
505
265
323
32
42
999
434
449
650
969
496
261
721
884
897
992
426
155
727
888
649
505
998
600
900
320
915
415
243
768
778
280
773
219
947
212
720
541
55
275
477
89
101
570
710
6
747
367
308
424
259
928
361
179
669
833
967
267
243
195
307
382
77
354
42
323
96
303
798
548
733
357
508
959
324
887
342
107
708
470
584
781
184
16
817
993
423
355
608
430
943
186
264
514
255
742
282
229
144
766
781
322
808
201
157
760
995
624
725
103
653
41
674
125
528
662
765
544
911
715
348
326
773
678
119
536
805
594
842
613
439
428
716
530
627
686
66
16
685
433
96
678
61
741
893
261
825
292
226
555
26
493
184
334
256
733
635
530
571
95
502
926
159
140
508
369
346
270
232
18
558
230
794
789
374
517
647
545
438
144
595
878
427
660
662
84
132
449
912
886
380
244
210
158
989
44
531
154
595
13
251
220
922
283
848
703
476
118
762
197
507
708
485
245
160
189
187
434
629
624
963
759
677
554
746
631
782
78
540
225
488
288
551
784
165
484
693
792
301
460
764
820
796
654
963
541
274
195
443
53
288
500
503
258
106
656
82
629
757
936
828
154
326
643
584
475
436
741
445
285
539
10
119
995
102
377
401
529
600
811
466
945
607
555
633
961
854
695
782
430
158
557
270
210
584
65
114
928
73
314
789
120
82
565
312
966
323
192
556
917
812
705
892
401
416
431
28
642
950
814
265
789
909
232
551
604
123
287
57
261
434
455
640
880
976
576
227
513
633
105
16
62
3
976
612
75
782
854
892
729
374
727
593
21
150
383
874
276
971
600
232
892
394
288
427
758
39
207
20
920
419
807
359
767
793
996
848
121
221
931
846
264
305
302
760
835
942
757
371
702
339
305
389
522
21
513
921
208
707
720
767
662
621
126
375
612
513
274
626
704
337
305
742
429
596
616
684
218
87
598
719
423
32
77
362
619
631
295
207
737
490
468
712
304
843
777
356
193
656
21
32
924
406
238
766
739
843
409
879
616
239
238
729
114
198
561
565
2
773
452
495
373
398
866
419
466
801
438
801
131
801
394
972
920
505
181
548
398
809
540
830
623
9
304
277
620
304
880
384
405
481
413
136
416
291
787
635
648
956
416
18
581
681
621
547
881
412
41
588
259
859
917
925
860
65
946
672
639
459
783
320
254
817
62
3
543
734
238
766
957
238
771
427
739
796
25
881
283
933
536
761
413
444
593
448
363
587
895
302
801
67
353
201
306
432
588
87
269
635
517
942
623
981
75
298
626
221
419
242
794
471
581
503
392
602
628
307
912
651
27
665
317
771
299
911
93
362
985
973
63
46
700
761
0
924
340
296
972
138
206
234
594
374
772
939
57
95
713
170
174
142
410
912
912
680
456
310
810
443
858
419
39
170
512
377
549
663
586
179
95
324
39
797
766
110
257
408
386
31
381
281
83
663
312
716
628
693
277
666
487
415
636
412
491
812
916
747
361
66
41
830
703
546
649
279
515
172
344
754
370
255
155
35
673
497
585
3
727
296
942
519
774
835
265
317
54
568
397
43
938
298
629
550
502
790
528
556
637
386
205
70
682
435
48
886
268
514
473
601
477
747
878
280
835
489
327
385
597
809
663
805
418
401
34
638
450
749
674
743
224
14
556
792
279
815
295
4
314
118
628
864
776
18
777
987
508
919
848
885
859
116
37
269
934
85
700
931
631
618
401
734
736
323
193
434
206
310
85
978
717
199
663
167
102
498
668
602
35
32
18
780
572
388
163
543
881
825
760
575
831
618
1
83
320
117
152
371
891
973
285
565
730
378
908
239
634
495
667
475
302
528
839
954
52
518
623
790
89
521
360
465
568
241
583
131
189
152
669
908
952
799
348
175
581
244
248
734
1
381
657
696
583
772
909
468
496
798
282
24
608
769
697
315
693
274
454
715
131
689
524
227
683
609
29
717
274
344
439
232
373
903
483
854
682
822
431
117
42
16
378
200
515
278
615
881
930
146
227
461
206
986
425
379
151
103
821
819
156
714
166
928
364
362
180
97
109
212
128
729
785
695
275
33
982
10
855
639
388
749
633
382
857
937
480
161
624
269
960
165
825
806
807
954
626
601
665
589
410
880
30
893
710
896
712
896
893
771
459
250
366
934
893
642
801
641
118
792
27
38
497
102
147
472
887
547
361
642
461
166
70
208
684
701
71
582
862
713
899
868
704
134
844
322
851
28
810
118
981
837
899
111
836
420
863
532
179
86
967
406
533
312
213
151
429
52
95
550
96
65
797
809
963
477
786
117
830
898
552
316
922
339
92
619
94
98
952
935
245
575
863
388
268
54
699
938
383
678
882
92
155
882
31
190
198
653
197
250
923
527
863
255
433
958
138
367
163
467
396
836
938
459
341
126
103
238
603
403
661
191
829
811
858
97
181
151
399
586
864
294
277
526
962
707
119
155
130
855
62
460
293
46
279
525
198
609
353
234
867
591
963
628
291
64
202
729
283
784
232
247
743
221
816
429
326
829
198
245
31
822
292
450
912
347
342
90
733
136
983
864
845
403
749
593
888
71
71
152
468
166
455
976
735
890
386
926
335
864
163
985
557
745
712
639
968
95
533
269
350
824
636
50
917
986
183
25
824
539
444
201
285
820
374
634
451
426
492
926
929
560
411
434
729
36
775
752
75
60
215
291
414
205
957
501
593
400
853
680
16
610
869
999
674
622
827
296
967
744
533
434
855
657
968
405
694
602
452
49
419
735
375
22
592
2
414
365
651
265
427
883
587
69
79
688
567
432
912
767
680
82
910
20
406
975
664
780
576
704
348
214
557
573
835
173
680
301
762
262
689
273
677
285
653
131
926
750
327
166
723
818
736
322
470
881
746
630
981
718
891
930
450
107
605
521
821
481
802
55
422
940
332
741
975
362
347
534
349
174
631
948
111
485
573
620
694
948
655
315
653
180
340
763
643
444
967
15
459
937
387
775
493
659
859
135
141
343
367
562
480
933
243
647
871
725
26
237
517
11
881
889
698
596
926
864
634
580
390
99
384
742
573
359
515
551
257
477
779
743
128
277
373
757
303
785
377
142
956
497
781
1
315
332
386
850
877
109
460
41
39
113
976
550
103
755
797
412
505
714
725
631
367
121
101
939
87
712
792
186
630
884
778
402
650
120
216
449
414
525
237
741
598
862
14
260
522
721
615
949
416
194
503
146
474
394
662
667
926
327
48
487
140
97
385
657
282
665
951
973
75
341
951
902
799
588
8
157
228
803
980
280
170
833
613
636
516
990
836
736
729
306
740
649
114
837
270
107
455
11
621
699
971
337
265
6
222
81
129
244
344
21
801
399
410
140
587
922
273
750
786
208
884
54
322
771
757
67
644
925
60
410
197
206
399
604
69
562
278
752
693
342
210
829
145
399
798
453
398
768
853
801
741
734
411
501
157
89
704
304
903
169
511
747
667
514
749
907
224
502
4
381
80
846
767
413
489
812
176
410
56
16
437
441
1
365
681
61
281
152
687
512
348
364
26
489
434
796
711
802
165
974
500
76
958
952
898
577
237
827
733
790
566
752
252
899
320
611
444
705
26
947
775
655
143
970
698
600
632
319
476
764
464
182
122
881
299
25
79
375
407
573
721
293
349
772
551
875
737
858
878
789
348
974
715
336
411
487
674
868
592
968
885
966
22
674
321
265
179
596
578
960
710
105
447
883
327
727
0
236
414
527
844
781
555
678
855
95
165
215
248
897
638
698
872
468
619
621
238
719
650
806
200
147
780
330
844
525
65
821
781
227
819
574
105
477
667
654
279
962
776
70
174
868
686
162
912
297
986
437
293
646
876
882
804
530
341
692
124
781
512
699
337
515
277
260
155
377
656
979
296
379
281
927
769
551
516
675
457
818
592
901
474
252
45
132
498
666
294
755
771
753
974
716
353
586
368
859
420
126
910
72
661
615
411
320
197
208
852
945
928
58
704
920
681
772
897
201
367
879
779
290
453
635
337
516
272
970
887
343
609
815
153
162
802
545
331
547
109
386
354
849
440
790
759
339
469
355
324
892
870
356
55
158
621
913
171
936
634
879
542
710
142
720
70
44
963
454
692
662
126
785
938
726
797
34
896
491
443
635
994
738
779
230
766
100
89
767
370
860
123
566
490
35
422
645
791
850
573
210
283
51
908
545
192
852
460
330
728
794
287
610
640
542
434
0
22
22
403
927
913
459
672
603
31
601
846
714
33
593
659
328
867
839
827
894
472
248
423
361
811
45
725
147
424
20
536
832
40
737
975
582
931
33
275
369
552
574
242
475
856
532
658
189
97
518
175
757
94
958
540
292
532
512
600
314
567
417
904
711
194
897
363
193
358
530
219
870
98
148
862
325
17
375
452
845
377
412
675
537
671
17
399
102
575
607
477
771
809
864
126
260
856
898
873
707
477
723
601
163
312
433
398
130
478
431
271
795
798
485
477
453
21
597
770
228
97
69
120
498
19
70
639
217
173
704
806
167
227
64
443
663
415
159
493
8
500
0
54
188
28
741
503
759
581
670
843
258
126
432
661
179
807
46
710
283
118
455
966
892
414
83
628
100
962
235
985
466
960
532
30
100
216
96
285
506
611
665
317
747
265
995
664
515
418
869
191
413
518
403
917
331
313
291
368
359
230
721
748
812
596
570
169
422
550
713
101
787
620
994
229
164
678
673
692
764
793
126
654
749
194
703
510
209
832
201
84
35
382
941
698
706
958
331
389
703
537
758
993
988
698
812
989
769
842
119
238
884
846
749
648
124
486
873
159
235
367
571
523
805
319
779
977
681
160
365
742
131
589
145
342
3
834
3
395
974
297
658
930
470
463
534
40
625
997
171
266
139
25
709
409
409
845
647
523
971
695
979
998
469
568
232
784
675
617
451
779
174
390
844
156
295
686
639
186
126
563
410
515
351
380
337
442
370
35
452
781
798
168
82
171
490
91
37
859
383
673
833
847
933
318
786
136
129
937
929
74
8
789
98
320
642
403
542
307
109
165
184
907
957
558
565
424
766
461
813
122
222
672
345
837
121
804
552
537
681
299
794
349
82
975
488
419
296
706
669
847
550
80
29
585
788
524
281
682
196
175
444
987
713
368
302
592
44
613
930
892
60
183
213
718
281
92
774
641
14
893
204
138
416
288
393
922
471
888
81
571
137
696
190
856
661
143
84
309
170
924
108
485
53
547
991
426
449
504
905
814
446
808
655
81
80
736
166
196
107
853
690
713
896
225
615
270
303
879
432
670
809
782
449
591
936
706
899
923
709
200
428
838
542
375
761
350
98
316
361
209
994
350
526
288
606
793
859
120
289
574
197
721
187
647
95
584
41
535
982
495
882
712
245
261
40
206
310
0
833
401
350
317
714
425
588
114
759
58
390
932
865
750
967
58
660
833
881
922
612
32
11
489
124
731
159
422
778
802
683
584
882
163
409
718
390
905
109
253
231
768
451
972
986
141
107
643
338
651
82
546
662
960
622
94
614
638
445
526
679
405
651
236
345
109
574
694
530
890
639
60
321
184
48
557
168
286
188
834
703
367
367
380
817
987
84
425
525
260
293
857
724
156
554
95
377
164
153
778
346
47
358
116
226
910
919
114
392
284
655
602
655
337
741
419
875
132
504
270
37
898
369
514
787
307
437
669
239
427
86
926
338
614
341
719
173
693
997
977
732
229
303
447
848
262
174
637
343
649
726
273
113
635
78
239
274
566
151
274
607
551
776
310
559
906
16
555
343
169
503
116
290
788
48
918
676
786
991
172
281
453
147
183
606
804
369
570
99
730
829
515
636
259
125
606
771
943
84
700
452
447
391
536
957
709
623
114
383
448
644
581
429
748
795
3
656
200
340
168
580
273
970
547
219
188
159
769
236
9
220
836
880
411
274
849
665
235
800
799
470
517
537
779
503
850
809
41
954
692
812
100
840
584
899
919
288
518
444
252
37
12
780
537
942
88
988
803
994
92
245
610
45
820
538
748
316
851
241
565
585
283
581
716
675
564
483
65
198
572
974
243
274
852
161
510
467
923
689
937
500
675
501
997
56
217
890
170
7
187
607
412
857
866
634
946
90
511
166
863
626
98
90
217
319
941
694
263
330
759
652
656
699
516
993
87
650
18
519
538
507
582
408
201
709
837
817
603
303
327
785
540
783
741
396
756
529
843
256
681
16
545
955
724
772
899
935
321
712
32
83
896
414
472
104
392
578
695
693
827
192
998
527
997
259
80
584
910
146
362
2
775
601
284
985
121
738
860
978
801
45
930
316
287
203
933
650
118
723
452
209
158
312
162
28
653
415
104
618
652
408
398
225
589
576
709
1
82
129
875
679
577
159
169
164
957
687
146
898
390
366
433
675
591
835
485
21
16
10
769
526
466
502
140
688
280
466
311
992
685
597
44
665
992
568
996
328
492
276
361
500
436
45
234
365
315
477
645
710
58
886
526
791
19
784
654
379
50
507
687
539
428
482
555
149
559
644
309
85
833
376
111
85
820
916
258
796
78
690
900
345
960
480
588
411
388
370
481
983
377
766
128
252
308
276
940
958
196
520
184
965
111
694
272
825
635
200
582
796
292
958
728
700
436
347
622
660
898
57
145
583
865
160
455
280
184
736
484
856
754
704
386
669
948
626
848
683
772
45
393
129
305
22
52
571
421
556
777
304
918
135
371
439
444
837
872
459
454
776
789
88
597
399
470
832
266
856
540
759
971
543
240
807
872
245
827
177
100
695
728
329
935
130
993
420
80
880
118
697
384
554
428
745
266
779
529
732
174
492
566
906
413
977
78
770
446
95
579
2
719
560
168
828
679
485
560
490
888
494
109
654
739
553
285
528
460
957
935
492
772
250
924
87
804
56
960
662
551
600
287
179
385
698
964
829
12
59
701
275
873
859
650
653
955
393
220
272
943
388
611
523
655
287
544
770
887
191
929
399
495
604
227
663
990
226
761
664
576
691
586
454
542
762
97
948
435
294
766
757
63
194
418
175
309
317
351
8
431
947
614
352
297
367
754
251
435
907
434
249
71
206
220
620
99
256
445
990
737
965
101
508
769
924
711
962
360
906
814
196
250
592
914
567
122
726
914
682
723
970
916
420
671
393
120
811
260
385
371
982
239
145
230
944
256
245
550
10
725
521
575
579
698
281
794
350
870
948
414
288
954
963
762
885
274
649
872
327
182
288
230
385
466
981
142
454
280
58
253
313
616
759
216
80
838
475
706
786
513
852
890
898
428
753
569
656
501
1
570
442
139
786
826
532
949
951
351
593
510
959
829
268
436
446
219
472
607
394
397
736
407
276
538
299
574
329
765
488
60
277
641
483
898
523
437
361
742
202
711
317
725
7
829
543
782
915
718
982
379
818
719
642
643
632
626
128
59
575
785
115
835
297
608
723
828
350
896
269
415
371
912
47
409
551
62
822
203
43
908
182
45
406
989
885
618
682
542
724
487
70
217
299
365
913
621
416
847
32
298
372
949
4
776
594
598
59
919
525
780
161
184
965
129
826
995
349
696
119
442
948
391
347
794
685
512
665
834
238
622
612
749
66
388
290
697
907
825
654
785
399
408
145
600
206
676
700
388
718
497
484
714
18
581
114
296
469
862
638
621
151
245
975
741
931
104
786
897
229
93
13
595
922
121
23
279
109
273
350
60
395
520
292
282
669
24
622
246
512
620
634
649
106
713
309
287
170
292
407
754
468
174
204
127
329
661
647
80
887
92
373
329
210
43
971
854
558
249
908
577
216
349
147
10
200
684
170
606
933
781
589
890
517
289
646
897
455
966
646
705
880
122
956
692
981
108
837
754
467
942
48
844
665
566
460
923
815
645
41
879
630
607
120
868
315
880
16
342
265
488
494
581
658
469
832
627
874
88
638
11
696
994
45
244
713
876
81
730
435
45
847
718
195
662
212
460
91
594
214
234
76
33
701
232
811
395
517
250
723
634
378
491
776
985
216
532
139
433
255
754
23
146
607
182
462
757
638
181
472
48
683
560
762
171
278
94
767
64
774
789
686
904
174
351
375
119
909
913
187
305
672
567
927
783
807
275
12
817
9
981
647
760
740
820
296
779
917
219
353
246
352
206
973
468
741
715
882
881
183
662
748
810
746
13
264
352
792
338
729
23
400
903
227
452
845
843
874
613
806
651
341
579
606
172
445
555
634
484
884
570
715
776
220
502
192
96
773
609
241
159
817
136
825
607
808
979
753
609
244
189
741
354
728
362
454
121
402
624
107
964
497
247
605
650
893
738
470
516
930
871
764
389
944
899
711
161
459
334
797
409
90
350
583
684
293
784
490
481
232
921
604
688
830
626
632
193
372
482
128
69
812
661
414
681
970
138
975
280
327
651
692
904
927
717
527
61
305
872
102
881
795
304
111
941
239
145
785
969
285
258
170
159
454
536
146
830
27
891
875
66
640
621
587
809
633
542
440
777
207
574
808
164
182
578
377
525
422
975
755
957
668
421
160
302
797
58
365
825
831
464
409
610
419
488
526
705
242
613
72
412
579
214
449
855
751
227
55
358
17
209
819
569
885
984
759
910
108
473
891
661
825
693
707
860
988
601
561
83
456
158
842
34
362
188
512
318
176
703
172
834
676
994
997
466
332
927
50
363
712
840
7
823
79
680
103
60
197
459
279
612
525
444
691
7
423
221
831
364
303
585
292
967
642
78
581
572
861
782
836
9
364
204
822
714
251
403
608
94
284
154
221
359
958
492
453
823
559
564
179
966
438
422
75
815
759
529
182
762
212
280
843
749
524
704
412
163
370
835
410
702
69
419
470
289
439
778
110
414
837
518
416
7
906
610
509
928
736
992
93
641
292
107
531
897
221
128
684
821
977
340
786
249
859
8
544
181
973
530
209
617
557
782
233
491
400
841
967
317
784
765
517
580
875
825
54
98
34
408
379
749
18
738
322
529
458
935
876
544
593
943
937
874
76
480
635
200
474
703
691
257
516
999
875
255
899
911
250
292
391
797
565
783
338
24
856
851
231
204
129
286
602
583
709
150
782
72
9
335
69
679
111
274
567
127
515
208
673
88
521
844
449
98
493
734
933
387
591
379
621
337
89
210
363
236
870
914
285
994
472
31
836
118
878
483
181
835
905
672
90
458
233
132
396
227
8
542
318
415
299
749
321
60
633
808
976
122
521
848
879
259
324
953
125
656
844
583
707
966
232
662
552
943
117
194
762
124
330
796
723
136
224
782
894
712
748
805
572
799
331
525
40
710
609
436
11
625
245
156
572
604
780
204
48
404
833
232
682
994
22
92
223
178
770
224
512
226
391
533
965
413
990
158
603
536
602
745
169
308
342
661
413
402
419
126
990
253
545
11
741
600
225
97
813
240
430
352
332
892
686
651
845
362
320
309
804
619
940
711
77
662
449
38
33
427
159
113
958
493
2
752
489
482
719
120
427
391
846
83
741
172
84
516
114
0
68
744
304
21
674
136
825
67
540
195
108
667
237
544
747
913
166
329
834
693
11
196
123
787
880
459
488
462
574
187
518
939
414
121
410
73
137
568
27
175
826
784
539
646
800
720
379
54
283
684
442
988
386
385
338
640
103
837
440
252
720
973
830
217
3
646
174
476
973
620
629
326
615
529
785
937
581
645
113
269
916
644
392
947
608
125
253
185
887
150
873
380
653
373
110
692
493
745
929
249
457
584
172
651
503
306
443
7
768
770
776
221
829
788
53
550
8
249
566
492
684
680
688
537
291
320
490
265
938
760
566
628
914
783
956
803
782
183
380
148
620
595
933
329
602
954
47
570
639
20
42
211
843
993
504
112
443
537
62
916
621
718
682
633
68
909
353
74
888
988
424
685
62
413
533
668
272
552
322
586
864
520
108
522
966
539
38
643
228
533
157
137
130
710
576
413
970
407
623
140
362
821
4
188
946
612
394
707
817
292
0
762
553
537
282
375
515
772
301
664
352
487
29
315
541
766
581
723
977
713
929
788
255
814
59
936
235
995
361
538
563
65
416
487
227
804
295
972
189
527
490
339
475
124
512
863
778
209
372
775
61
726
157
976
995
243
554
58
342
791
110
372
593
883
739
236
949
548
695
742
960
559
696
654
618
295
500
761
437
571
665
277
1
659
222
978
994
56
244
360
903
267
621
759
967
333
263
485
673
590
149
73
296
114
195
7
177
621
691
973
251
399
953
82
266
355
407
590
824
177
6
533
353
76
138
5
193
85
40
718
580
678
222
417
105
235
319
225
988
178
859
854
199
267
975
841
996
523
213
354
82
691
939
261
537
53
368
859
723
798
593
20
473
663
207
458
800
813
258
616
870
313
742
562
557
98
416
103
690
662
397
880
354
96
791
740
875
435
597
268
242
548
510
650
614
341
130
55
727
382
381
473
588
511
937
155
409
736
502
526
169
793
225
518
806
853
527
199
98
825
204
638
624
67
348
132
916
61
356
901
148
529
502
63
754
607
992
870
39
961
776
892
941
935
462
694
697
886
494
1
659
300
448
51
395
567
174
807
642
939
473
656
858
930
416
542
611
181
791
214
83
689
352
764
81
869
736
356
815
728
272
175
57
303
86
216
150
900
312
5
226
730
125
91
597
949
208
723
300
654
977
937
266
492
762
355
226
223
819
926
604
85
530
635
674
455
587
561
941
358
783
524
529
775
372
660
345
630
9
688
185
374
484
281
190
374
698
451
724
783
643
990
556
883
503
891
95
208
657
994
812
937
294
184
466
541
402
421
515
537
408
860
349
536
339
3
69
795
165
194
306
324
987
625
244
132
76
626
431
709
613
334
296
353
930
147
298
185
10
915
29
522
664
792
229
561
393
267
858
135
239
988
457
520
201
403
558
277
4
581
116
274
931
650
171
634
630
995
173
174
546
818
189
44
685
650
708
300
516
524
385
702
107
651
765
159
184
376
704
75
276
551
523
660
935
210
131
240
831
428
750
817
324
541
182
126
940
540
631
646
54
812
719
996
677
541
561
671
755
747
45
185
967
388
952
591
500
42
355
279
192
480
546
909
934
602
84
977
0
229
850
674
172
917
934
406
209
389
842
881
807
113
649
650
881
416
774
494
712
517
991
436
669
853
469
287
234
187
99
546
557
174
449
837
106
188
292
806
533
504
643
875
561
206
688
556
503
312
610
437
942
785
251
105
659
102
851
90
245
12
288
981
72
781
151
43
180
45
884
353
394
648
121
417
67
742
295
809
156
822
7
626
953
576
3
299
149
759
375
43
859
547
477
486
357
789
257
727
854
891
153
475
214
451
312
950
930
829
105
935
237
473
858
390
951
511
148
126
463
149
373
38
72
187
240
377
270
410
114
221
996
675
946
57
932
605
188
167
50
774
185
625
173
866
263
208
410
945
913
79
310
595
851
790
464
319
124
770
874
665
415
466
794
553
904
61
353
312
576
503
695
862
21
890
880
935
537
41
927
684
453
376
478
213
467
687
255
44
653
246
874
813
324
906
580
201
976
868
304
402
249
259
356
121
400
752
651
531
150
416
314
810
318
710
17
503
417
526
665
726
103
535
884
986
596
136
589
527
399
235
997
742
522
942
767
59
6
102
297
34
727
278
471
680
864
214
190
526
922
327
497
200
822
610
436
212
957
88
707
30
191
964
725
392
912
477
755
503
508
48
375
769
531
778
394
514
885
474
894
765
498
797
733
55
438
35
44
992
632
503
480
267
542
21
475
285
951
507
371
890
108
378
312
731
884
182
607
779
850
904
511
153
541
413
175
88
260
351
275
617
148
513
897
18
591
536
348
584
931
45
340
176
188
856
208
364
999
470
434
249
404
378
581
852
454
554
37
716
619
200
314
635
163
345
491
687
102
259
707
869
935
567
243
381
463
397
948
816
831
719
102
366
710
230
778
964
330
777
297
226
591
732
959
523
33
28
960
981
0
656
853
409
855
620
962
813
473
911
39
836
145
340
225
527
180
990
605
396
877
341
224
781
476
965
478
92
956
845
901
66
975
461
949
735
457
712
630
35
54
777
358
91
961
578
461
207
226
304
495
897
842
971
614
632
654
321
570
50
294
217
390
824
369
349
415
995
607
8
611
292
82
47
916
481
802
917
80
692
916
591
758
13
798
814
79
736
329
410
631
705
84
443
982
228
121
43
928
865
318
528
261
900
146
173
589
339
921
984
124
368
838
766
990
102
660
707
519
505
226
398
817
174
369
816
795
705
291
573
235
462
305
635
616
223
544
215
222
155
194
664
830
920
277
179
793
912
218
213
234
94
820
863
581
324
770
947
648
389
707
118
412
277
245
678
984
432
570
522
986
440
528
704
226
312
187
249
798
437
858
913
980
461
2
51
727
927
827
577
472
698
773
65
920
74
662
380
856
500
411
832
174
379
296
109
756
851
598
508
622
779
432
410
200
672
394
509
866
604
335
670
361
341
517
844
523
89
511
33
446
567
983
374
133
114
926
42
88
103
753
567
143
29
249
349
260
860
792
408
578
861
699
565
949
890
984
962
303
543
637
627
244
301
146
568
43
56
517
275
706
414
272
616
245
159
977
742
906
668
910
18
972
337
922
306
609
532
977
343
770
287
980
939
264
170
33
610
837
801
82
262
686
869
872
10
91
646
84
600
679
694
913
558
763
425
730
434
682
752
148
407
240
821
655
520
652
873
870
409
311
401
584
692
255
688
987
929
69
685
245
695
200
772
886
39
531
875
269
545
346
835
29
630
604
206
195
571
933
575
327
247
379
101
69
572
371
290
663
241
904
440
177
808
159
851
384
955
609
602
591
610
886
182
112
239
842
229
140
539
919
648
423
433
767
80
643
240
300
792
287
670
255
460
899
863
673
823
99
949
961
930
957
530
874
984
281
352
511
526
605
26
62
864
890
971
895
959
438
260
520
182
55
172
670
140
312
791
210
476
83
577
709
407
843
388
705
932
477
652
270
309
203
636
662
211
284
50
254
660
75
93
449
392
875
135
378
228
612
749
174
629
844
811
235
526
605
884
873
933
470
439
148
287
177
446
219
988
601
832
632
333
566
854
668
106
295
747
190
264
610
652
896
407
355
335
215
2
86
232
757
528
226
886
436
599
5
932
49
288
54
139
770
333
19
636
973
647
167
932
839
525
7
953
510
566
466
713
60
623
347
465
816
761
20
475
322
297
393
289
931
107
774
597
863
617
317
787
96
124
504
230
424
494
455
15
411
14
463
221
638
474
744
870
584
939
440
707
211
842
913
321
135
136
956
572
204
492
713
286
137
189
661
837
998
727
925
451
250
219
741
495
706
542
904
40
999
203
91
170
778
381
682
89
359
541
470
970
724
74
450
82
436
350
601
813
204
764
983
872
744
512
256
139
435
719
280
190
730
854
399
44
660
398
800
53
816
708
495
477
507
863
190
930
325
363
954
691
814
26
190
251
82
394
876
557
414
114
779
682
301
445
258
509
820
961
359
680
175
394
852
663
782
376
518
138
23
119
92
137
857
756
185
639
554
621
205
225
574
345
974
328
556
631
119
586
423
875
618
566
990
675
431
878
952
375
153
871
840
263
409
188
104
895
938
905
197
645
128
171
55
338
557
917
283
359
33
45
919
727
174
949
706
570
134
253
925
979
449
597
738
655
814
424
391
461
573
125
951
301
247
911
238
729
851
388
598
56
687
883
531
305
166
726
31
253
259
247
186
61
139
151
506
210
232
362
707
52
376
638
828
514
624
761
62
896
630
890
121
583
482
272
812
150
16
176
993
574
292
18
643
131
914
650
533
886
554
12
704
607
461
112
840
696
238
958
923
853
335
947
856
760
511
777
856
473
253
300
723
754
956
209
203
96
811
609
645
205
664
379
273
643
880
328
102
827
453
688
506
35
965
802
638
534
747
400
931
918
996
561
459
108
200
624
734
16
34
969
743
116
262
828
474
290
95
154
940
991
970
748
671
783
2
60
569
151
240
435
48
745
935
369
972
50
98
970
32
584
763
678
255
983
240
257
191
26
524
113
813
703
311
351
261
667
307
76
899
661
308
548
971
983
83
200
33
238
912
189
470
347
273
362
792
777
843
688
605
631
115
330
244
824
858
907
688
325
411
478
849
309
482
489
617
931
147
811
848
485
428
500
188
13
280
732
56
296
153
187
208
595
105
8
334
134
765
909
605
321
823
440
880
683
982
396
317
817
900
677
459
219
276
683
781
978
782
414
922
926
960
840
354
876
570
864
864
677
430
602
999
681
683
539
762
498
605
307
643
46
122
763
183
163
987
782
421
567
861
652
497
88
283
425
290
925
98
869
276
824
784
44
506
707
426
213
532
559
593
800
208
580
888
865
480
947
693
281
232
623
601
611
531
817
238
308
481
179
788
708
311
108
192
97
891
986
153
258
242
182
224
601
39
585
548
818
738
501
262
224
396
462
968
239
82
951
141
36
301
417
613
544
925
829
472
315
701
259
4
862
519
315
261
969
805
665
983
394
33
742
195
583
450
993
180
571
732
876
541
92
906
282
625
742
634
319
230
880
205
80
182
691
649
306
884
227
669
766
456
950
969
874
607
34
680
82
666
412
739
181
728
10
755
381
411
417
370
334
12
450
854
871
452
160
275
126
841
957
884
926
193
930
254
84
789
37
865
96
565
341
404
446
404
41
92
123
456
422
352
213
960
631
492
228
170
799
512
893
16
618
605
676
558
305
427
401
395
804
186
436
738
154
83
707
244
837
657
154
43
920
770
409
45
362
812
561
787
516
502
80
981
22
612
53
565
520
142
573
308
388
958
92
340
41
276
935
140
281
823
637
657
452
530
430
559
342
777
60
652
388
959
854
797
52
958
748
960
890
241
772
973
655
929
115
369
371
259
263
528
795
738
657
94
718
358
264
379
73
888
976
465
667
704
330
203
178
886
381
123
988
802
786
928
626
592
469
883
991
971
95
444
918
765
536
366
73
888
346
179
998
708
769
493
804
822
655
931
619
313
916
372
593
803
442
43
753
110
982
678
118
970
259
837
998
468
624
796
633
829
586
485
617
994
692
149
931
867
322
721
491
818
30
125
814
521
761
248
913
968
723
992
343
42
990
621
231
708
293
133
444
289
818
612
517
973
284
749
285
412
647
681
310
493
734
890
294
312
395
381
636
585
959
818
987
609
661
866
861
112
105
92
307
464
559
795
616
41
197
912
566
805
538
999
48
951
600
409
294
948
684
877
55
894
63
507
217
953
692
719
548
12
442
918
164
142
356
921
669
739
228
683
945
393
318
240
861
3
648
147
818
401
816
108
439
882
829
797
755
999
151
704
24
925
459
727
59
511
383
671
176
310
196
585
307
726
544
750
833
630
723
183
653
883
546
39
142
561
263
413
861
696
538
225
29
678
40
162
835
599
514
338
485
838
921
159
895
623
692
711
912
83
884
911
107
742
967
520
449
792
904
991
996
758
424
271
887
732
382
540
17
314
818
815
232
616
287
377
194
407
910
366
878
630
991
904
433
37
595
741
365
234
437
446
668
726
942
788
306
554
88
953
288
891
418
721
701
383
571
891
47
716
810
823
79
972
361
654
59
550
97
889
220
803
249
847
856
211
168
206
114
245
730
621
45
928
824
123
560
856
743
104
883
872
323
39
791
408
741
884
916
3
639
800
68
256
880
261
508
275
778
680
739
696
273
683
491
651
982
859
293
478
98
541
417
544
246
440
643
31
287
383
224
426
87
174
887
333
278
573
837
585
952
374
697
815
15
591
159
425
633
277
416
54
549
573
110
448
791
16
309
260
691
938
852
429
558
831
987
916
904
515
167
409
717
284
641
287
106
279
141
311
21
931
93
307
94
854
805
388
474
634
738
643
958
739
60
569
584
887
811
924
456
611
749
38
318
334
173
987
110
829
575
335
270
411
312
25
464
401
67
568
530
657
886
985
555
579
3
922
728
507
994
630
157
560
908
397
191
905
650
583
549
741
148
174
287
519
501
77
527
693
516
312
853
724
222
105
526
593
270
852
420
38
422
656
72
255
671
731
500
616
269
608
213
165
950
416
334
829
777
306
888
516
339
56
693
700
316
632
612
783
640
995
822
668
642
574
39
403
83
66
96
262
80
954
25
903
353
64
357
888
278
821
526
475
916
972
110
990
685
297
919
674
414
563
979
817
578
170
701
489
779
335
632
713
648
376
734
447
602
276
456
556
305
937
45
797
212
695
430
247
366
984
142
709
19
439
702
401
841
395
142
525
468
990
984
477
874
646
463
731
189
39
245
293
783
922
609
199
39
687
623
369
849
506
490
990
484
893
85
368
749
898
159
898
673
331
52
948
976
8
432
661
581
84
910
576
114
509
79
813
384
46
39
858
756
370
769
294
949
559
290
683
937
21
547
13
807
554
352
203
776
411
189
321
271
505
64
263
183
741
594
354
556
17
663
749
753
573
462
980
632
915
786
356
89
264
550
322
786
935
39
119
244
971
419
957
118
488
535
448
43
943
6
171
94
892
310
14
270
790
717
738
492
611
97
337
449
901
676
205
213
789
134
979
706
690
148
970
127
702
463
198
280
318
704
364
907
604
95
546
213
890
642
413
683
244
938
149
797
795
42
185
292
274
473
2
252
879
887
655
757
967
523
837
539
894
987
193
62
123
797
83
668
844
738
736
417
154
155
740
377
635
475
994
884
608
692
883
160
411
917
46
725
464
513
121
129
820
243
725
452
678
909
7
653
960
456
712
275
785
998
267
769
739
979
382
177
493
514
479
817
636
524
100
338
579
467
895
853
59
508
436
336
408
635
553
918
923
488
33
909
485
432
956
121
631
143
7
446
947
720
763
114
350
151
237
321
700
621
401
450
664
939
628
127
671
395
837
682
336
479
382
850
626
428
93
677
410
185
785
135
991
138
444
481
76
418
780
709
129
725
613
22
166
723
143
868
966
632
527
580
835
576
476
7
52
936
729
257
672
432
26
433
45
652
20
193
106
722
894
811
453
541
30
427
306
440
977
364
848
495
507
690
1
943
47
727
903
430
739
849
270
717
252
760
225
474
929
381
564
761
766
774
691
947
384
951
638
215
232
482
947
620
837
567
654
521
450
87
62
899
330
633
399
798
987
399
359
911
710
451
991
638
753
459
793
217
871
829
721
778
22
627
905
803
58
663
724
448
570
154
927
467
695
525
751
470
653
803
251
976
375
302
767
410
603
382
657
259
231
632
172
512
383
571
783
423
957
406
570
626
107
773
372
522
431
970
291
41
292
631
609
25
745
18
127
467
160
18
457
855
413
38
21
98
656
157
609
686
698
952
673
643
456
971
114
115
807
266
926
571
60
408
812
294
630
307
187
172
275
660
835
263
491
634
928
918
749
885
756
330
989
64
975
5
566
649
325
459
777
130
381
521
674
785
922
762
580
701
504
617
961
687
164
952
543
760
576
239
234
681
282
272
610
204
295
462
497
778
49
526
403
623
91
406
250
495
357
859
398
564
49
894
565
559
512
750
164
555
521
257
562
818
103
827
461
447
30
737
84
939
818
560
880
603
765
567
880
430
707
363
943
860
258
288
556
353
427
653
70
817
632
936
282
982
369
641
491
669
703
875
348
71
828
692
157
723
261
886
63
705
542
574
414
969
608
874
554
777
137
520
234
933
96
585
22
369
179
12
382
746
327
367
317
451
499
120
868
484
434
33
764
92
323
850
180
431
206
41
914
378
158
76
26
923
373
343
249
734
937
929
180
594
729
57
2
643
3
382
970
176
990
3
731
660
238
289
718
626
969
823
858
529
613
981
732
983
900
702
376
434
270
796
616
1
929
829
312
378
527
443
60
893
965
721
847
741
371
849
673
678
348
106
499
65
780
23
418
469
665
291
638
0
119
160
670
60
188
664
242
892
157
690
429
829
275
462
821
498
750
308
951
407
164
693
484
887
989
85
234
921
662
689
744
765
745
139
707
389
861
532
414
62
135
329
585
486
821
166
536
951
243
958
958
745
524
133
759
566
182
69
655
415
578
44
930
132
550
711
913
609
409
367
534
292
155
42
804
386
262
925
629
249
701
389
857
256
496
229
8
27
41
49
509
475
454
297
912
26
587
81
782
604
323
53
966
385
267
698
722
231
219
880
560
860
586
451
621
473
37
785
581
178
891
38
65
849
424
386
301
155
172
724
300
738
968
361
411
282
764
973
32
807
679
713
597
195
372
381
756
870
798
261
312
502
488
223
77
550
948
661
326
634
69
150
313
216
762
95
745
242
962
366
920
856
367
319
607
915
385
175
579
532
600
846
958
67
852
682
903
460
996
790
254
539
250
49
56
520
96
827
84
262
321
546
488
341
950
819
635
367
171
693
111
936
893
87
818
902
587
289
738
800
46
111
122
227
167
866
974
983
395
657
839
809
525
30
739
154
40
947
284
244
895
962
459
124
724
52
561
506
537
977
402
566
126
790
926
6
7
829
133
914
241
806
407
848
418
723
845
746
922
538
719
781
737
507
939
173
383
289
54
661
986
894
659
770
615
110
302
95
648
382
35
739
270
525
551
254
27
328
450
843
647
676
992
935
494
172
515
824
730
371
935
960
433
627
489
713
101
276
189
178
404
968
426
400
949
195
660
504
558
600
78
616
692
310
282
173
239
377
199
807
281
885
534
593
436
374
377
997
285
946
167
764
721
456
752
419
610
554
162
121
358
654
510
405
388
515
354
580
195
574
308
808
481
659
247
548
445
185
773
579
402
686
130
857
713
82
960
634
946
840
996
622
318
191
685
902
211
175
332
648
357
318
972
541
334
730
320
412
178
977
59
320
473
740
384
900
297
866
534
471
0
337
303
162
899
575
278
823
142
422
155
435
329
654
565
284
867
413
955
310
741
673
734
102
293
774
982
850
765
659
463
256
496
663
983
922
769
961
271
579
344
85
428
884
754
114
82
335
420
136
140
261
123
647
274
867
195
306
239
534
761
667
501
879
199
424
896
602
941
339
724
832
750
487
763
677
526
30
383
188
893
599
728
494
440
645
531
505
381
683
72
421
945
780
430
554
665
223
341
357
113
671
951
297
483
480
220
666
831
701
392
318
339
695
539
588
360
424
486
430
610
750
581
266
409
315
773
523
912
352
346
144
402
658
853
898
372
605
834
145
922
636
506
328
106
291
297
996
231
572
373
244
331
533
689
2
21
691
934
504
898
720
309
742
739
135
51
400
595
888
241
323
724
647
311
144
213
535
293
209
273
812
54
681
126
150
849
784
41
514
317
436
371
746
960
707
954
444
412
989
351
832
799
126
271
610
813
721
856
616
252
416
882
78
444
215
655
29
41
409
608
410
102
19
358
90
688
836
578
547
92
622
665
974
38
670
584
545
911
566
271
561
553
173
813
596
443
76
305
868
836
241
984
808
653
800
631
516
368
317
870
417
671
615
399
944
266
518
19
247
257
909
192
918
954
787
144
507
503
931
248
457
407
675
179
175
751
105
27
69
309
41
332
410
857
532
101
553
376
923
51
185
199
729
492
531
440
70
445
31
396
135
841
519
5
539
398
253
879
513
685
792
763
253
782
610
710
137
230
557
220
488
598
467
341
310
305
125
866
691
921
275
695
142
599
178
628
198
53
228
801
532
626
874
141
60
465
332
659
291
110
520
250
226
415
17
120
616
914
239
250
894
1
244
378
931
350
751
262
240
884
185
545
766
469
53
96
523
242
965
35
740
970
807
541
164
625
302
530
523
596
197
749
170
759
726
803
194
315
153
263
756
823
328
323
923
434
87
119
70
395
193
234
729
285
749
914
683
146
144
409
411
634
244
222
819
336
197
277
191
121
340
205
23
610
717
155
783
670
363
192
135
713
852
268
151
563
111
141
419
364
73
440
148
944
318
298
422
536
493
404
526
693
253
721
716
281
59
430
894
84
814
301
613
56
57
421
936
801
783
9
62
292
662
603
770
523
337
333
183
67
905
204
314
74
551
370
767
984
384
574
228
393
794
770
98
251
486
57
385
715
611
11
27
454
106
590
217
191
57
979
777
428
287
186
145
773
910
538
926
906
638
609
621
264
93
757
186
736
109
293
399
475
910
886
4
246
131
478
173
526
513
887
905
161
984
136
838
745
998
958
138
125
409
402
469
197
483
439
514
674
435
595
108
223
61
368
37
848
147
661
482
750
788
133
274
429
435
628
365
842
956
682
458
27
575
325
208
981
526
199
254
948
555
361
470
139
91
794
195
848
439
289
204
259
81
371
769
35
291
593
794
661
482
657
895
250
178
799
402
643
228
783
353
172
107
882
143
234
796
987
402
66
786
69
783
160
441
291
809
480
443
203
689
149
503
656
968
188
719
586
319
36
512
108
175
492
629
122
741
168
92
973
813
386
338
221
727
241
930
986
783
969
288
934
238
502
140
378
247
670
434
684
652
99
23
290
182
841
78
533
306
562
496
877
465
603
105
101
753
107
335
155
191
176
702
118
430
693
791
980
320
668
743
15
835
220
107
124
231
855
962
144
276
443
650
534
761
875
4
913
863
801
764
619
340
490
625
88
139
766
987
778
688
2
522
849
513
812
474
207
648
122
108
925
798
360
281
974
474
716
631
614
62
672
694
974
162
363
580
159
66
468
60
416
362
788
302
597
546
206
384
462
77
750
465
490
459
996
782
918
343
828
230
383
114
2
888
199
638
615
860
206
783
875
599
57
235
990
0
224
923
543
215
646
745
319
237
10
857
971
647
101
893
653
396
47
304
70
830
171
580
370
365
83
742
663
167
321
727
603
756
276
694
978
109
963
409
97
236
521
515
90
767
949
31
116
510
724
874
966
324
254
727
591
331
218
324
541
592
598
681
297
525
455
337
107
445
25
520
752
90
747
925
476
386
139
34
205
128
649
302
310
663
779
907
436
362
461
155
89
278
466
894
330
857
819
486
191
635
795
19
567
258
605
715
454
877
522
553
212
878
803
542
562
610
327
453
76
645
121
936
646
606
2
705
44
938
110
522
242
516
526
54
748
442
689
232
611
699
159
657
581
484
852
280
631
138
949
681
466
769
539
704
904
371
393
702
865
181
243
458
726
347
677
804
801
372
685
778
423
648
430
597
171
941
538
38
729
201
363
330
403
74
550
373
307
129
900
306
830
909
30
561
321
4
125
105
435
237
348
436
543
640
362
666
668
358
488
646
227
917
563
717
524
660
790
76
860
341
407
945
87
400
260
578
335
836
650
586
591
616
522
314
110
80
224
316
403
707
769
802
169
497
409
901
831
226
943
298
519
250
517
38
800
912
407
459
587
118
527
267
95
738
139
328
321
355
92
478
83
296
579
928
151
570
154
103
873
217
421
873
567
380
579
702
853
890
469
614
553
414
585
951
48
320
731
986
723
677
569
500
530
96
906
186
546
906
418
894
446
853
692
367
520
951
845
317
82
338
905
33
854
888
68
26
478
780
983
644
768
51
652
411
370
329
32
142
278
903
813
287
650
2
393
550
551
968
150
813
123
772
575
527
933
817
371
297
373
506
201
778
93
527
633
727
280
181
779
167
478
453
422
357
769
460
382
444
255
394
491
829
84
347
267
995
210
164
123
744
392
976
831
952
701
352
91
771
408
208
61
553
622
158
874
541
558
958
345
684
588
369
656
335
832
452
921
659
778
245
952
386
957
328
364
42
581
519
151
596
526
984
708
727
379
776
916
283
543
229
813
745
387
386
328
615
757
755
965
10
89
216
133
652
198
855
572
397
168
858
545
357
902
719
539
751
584
574
938
170
238
205
551
385
759
447
616
538
789
84
420
548
201
186
335
385
457
889
971
883
891
948
108
699
292
138
238
636
689
748
101
382
921
514
713
287
173
839
220
60
717
115
929
661
305
614
242
6
400
897
902
241
25
969
789
185
907
437
362
410
987
111
852
556
730
224
960
38
896
635
375
192
129
227
208
400
330
336
865
774
593
93
655
731
574
445
272
740
377
212
673
5
249
2
201
664
966
826
289
204
596
9
734
386
981
777
69
867
898
5
145
94
782
487
700
846
351
213
872
7
385
163
321
833
552
489
793
845
961
117
983
188
350
36
669
31
277
297
860
321
597
840
590
625
580
460
176
260
487
876
698
327
838
541
636
946
51
777
527
199
719
261
470
322
530
888
751
179
669
335
481
846
997
461
499
676
231
480
967
146
258
599
434
967
421
319
184
772
462
85
776
403
444
973
706
858
82
753
289
921
633
646
169
614
65
848
821
978
107
686
453
725
821
736
387
564
83
677
433
195
382
977
864
173
876
963
519
352
285
860
54
758
805
379
502
941
482
86
704
168
180
275
782
639
75
229
458
354
850
42
857
211
903
89
619
496
883
953
553
264
956
228
532
149
4
74
830
239
838
826
327
2
405
340
991
405
625
169
18
372
527
100
837
760
995
730
764
769
29
316
861
581
893
565
708
523
252
303
324
760
673
888
79
147
12
618
418
444
34
961
176
206
238
461
578
710
560
639
512
107
397
528
278
845
835
796
685
763
527
606
44
589
677
581
308
191
883
300
733
478
771
600
784
253
219
194
226
609
2
324
458
803
521
992
576
955
299
844
529
746
987
586
635
536
873
212
473
523
88
436
67
521
279
954
590
765
793
71
203
365
284
797
919
844
251
337
735
268
464
977
541
227
162
360
435
414
174
209
171
947
429
464
424
280
834
867
837
33
318
727
192
86
346
999
979
619
104
320
583
882
55
720
228
499
209
532
114
27
234
136
317
762
919
170
537
742
377
208
250
494
125
375
342
569
57
509
625
940
661
662
572
274
443
139
524
509
196
506
826
483
489
134
684
413
626
230
120
241
703
387
464
911
137
651
959
944
524
652
542
418
732
98
19
896
984
760
822
918
495
565
785
171
366
30
708
527
963
490
395
339
97
179
956
352
968
143
696
144
240
350
750
569
994
694
310
456
875
147
617
746
214
418
170
277
405
636
465
61
124
568
836
850
634
761
954
23
908
815
6
117
344
153
140
214
331
440
411
182
55
998
191
956
973
197
338
694
130
773
638
186
729
693
897
265
558
899
958
53
530
518
436
396
960
416
325
493
994
594
909
991
873
439
669
448
719
642
667
875
946
68
768
523
672
973
181
596
570
108
539
505
998
586
366
935
709
824
509
289
421
872
304
173
332
409
14
523
354
205
467
942
433
189
898
579
52
652
957
646
777
8
582
453
284
213
712
604
586
547
191
734
567
232
433
285
676
729
495
161
688
281
516
476
554
500
97
239
728
877
883
453
728
204
490
397
392
331
830
829
963
687
840
785
67
596
426
483
854
306
804
365
695
715
260
722
729
446
785
290
314
382
484
324
586
459
204
278
486
330
445
656
885
632
692
806
527
370
329
428
389
736
416
380
609
839
46
410
467
470
766
761
316
913
541
767
147
289
592
179
434
628
663
959
444
416
222
520
317
411
136
746
118
751
425
25
787
913
958
658
99
608
235
648
596
818
1
594
408
666
57
401
200
734
426
368
27
469
395
916
450
334
381
419
868
115
720
737
673
29
105
885
485
801
788
746
100
551
332
97
452
379
60
36
595
156
985
397
646
354
582
813
90
558
659
73
595
369
188
895
151
246
681
398
878
507
999
523
729
858
394
456
708
743
725
743
289
866
224
884
969
492
965
200
10
910
55
146
280
20
135
96
769
193
12
411
882
172
806
856
423
600
639
627
819
194
431
734
580
491
307
983
657
990
545
472
276
707
875
600
166
881
901
63
659
306
253
254
555
584
606
397
618
309
296
942
533
769
71
310
265
61
815
876
530
748
705
978
940
249
973
977
874
202
116
913
313
532
72
493
927
713
618
397
206
965
471
949
911
54
417
307
972
122
502
982
151
562
311
745
200
683
559
887
335
901
902
185
238
917
401
883
930
821
359
388
118
812
186
780
492
200
968
688
753
302
14
825
948
908
664
994
907
639
847
432
65
750
439
804
472
407
52
820
631
855
873
392
160
909
84
887
785
632
913
754
924
711
106
464
638
247
576
185
608
279
352
582
21
839
405
749
81
839
517
43
834
764
123
850
831
909
129
306
473
428
696
844
569
71
174
337
888
22
298
553
293
128
318
135
271
310
426
785
7
793
521
774
792
47
18
984
214
104
461
106
888
911
328
955
460
348
702
791
990
646
995
126
252
853
638
54
657
870
882
180
764
976
571
512
116
332
258
870
506
89
53
601
795
141
438
498
9
511
550
550
421
289
990
989
243
580
466
663
577
411
834
961
373
242
799
509
267
727
334
696
200
662
819
108
494
874
822
86
804
279
571
762
112
549
928
618
692
919
224
117
211
770
830
628
94
257
801
609
832
957
411
984
370
145
773
463
699
875
619
698
992
215
767
679
500
806
709
816
628
67
178
78
402
46
490
939
147
978
525
224
143
217
245
701
101
303
502
727
224
643
106
171
858
338
784
977
44
86
264
75
711
916
342
901
346
603
25
847
944
72
455
46
461
575
39
913
941
628
226
950
729
199
166
772
287
805
65
244
524
51
591
537
801
398
727
846
280
982
888
342
193
385
84
471
829
923
582
208
566
323
69
945
905
225
509
562
601
92
30
220
105
480
563
555
702
28
322
749
327
490
59
860
922
575
198
815
924
290
429
743
292
737
836
301
748
975
25
25
885
898
939
149
583
105
771
855
962
91
73
950
51
115
941
108
318
815
291
962
165
351
370
913
386
530
425
452
727
884
598
371
791
261
589
587
528
315
889
65
144
23
2
853
353
61
419
659
843
645
486
972
860
190
231
843
638
954
570
4
37
541
297
807
179
271
454
322
898
73
202
372
214
28
911
926
181
901
168
468
267
660
347
233
222
780
560
257
75
37
562
103
811
421
422
831
837
581
332
990
721
63
129
957
870
6
526
445
641
53
665
700
116
66
447
53
934
484
114
222
772
990
76
715
948
32
529
504
681
883
818
971
544
474
547
912
814
248
42
510
764
940
618
70
144
929
108
92
241
506
457
999
630
779
271
242
252
10
13
29
739
44
116
869
371
932
60
287
16
319
992
85
823
347
223
71
332
966
376
515
586
842
425
855
534
62
212
274
712
88
727
18
670
222
222
513
711
27
231
393
457
127
762
790
264
528
827
491
692
900
749
52
421
641
53
298
182
723
768
990
507
956
42
725
368
403
308
817
351
867
137
568
517
235
709
197
370
918
731
869
644
761
793
844
511
362
610
686
955
16
408
265
329
357
411
879
331
559
779
242
304
334
806
744
944
297
646
678
810
769
914
417
80
527
215
599
867
233
147
116
281
863
231
89
967
412
558
38
940
416
766
168
181
922
329
246
182
331
736
125
59
518
309
540
772
179
468
122
478
379
158
723
20
613
729
209
609
375
575
366
40
769
0
32
330
131
583
430
51
350
711
55
50
656
776
802
467
801
818
863
259
482
804
524
127
6
482
964
466
897
761
147
177
885
127
748
460
683
844
747
659
886
551
382
810
747
847
734
147
677
295
195
94
661
148
806
984
238
654
480
710
838
496
31
156
49
150
234
966
440
715
705
609
638
132
543
215
595
301
220
558
794
101
299
324
741
944
226
522
592
113
504
25
603
618
905
189
833
914
636
860
165
785
717
739
604
171
399
142
853
382
761
562
637
850
177
449
696
605
991
200
113
720
848
528
67
529
243
304
272
901
959
883
414
354
971
203
98
822
888
618
428
384
33
345
146
969
587
631
313
270
399
431
957
53
236
951
386
466
497
872
307
53
736
87
872
593
598
743
781
947
895
136
388
517
31
24
261
686
443
236
652
632
30
964
376
14
104
953
748
88
48
283
887
268
698
435
494
315
683
241
520
733
257
75
370
970
976
539
577
22
791
644
813
391
681
9
974
398
936
586
190
40
107
971
333
152
72
635
356
339
341
462
497
800
344
7
73
26
335
286
940
763
250
154
249
998
692
923
114
105
776
478
171
670
783
118
28
628
416
395
534
655
49
954
906
552
442
281
205
594
609
325
904
859
79
578
499
683
490
390
841
916
924
42
919
421
336
238
647
501
180
632
97
585
450
553
608
658
921
244
682
686
49
932
377
977
612
273
896
927
711
46
431
361
344
642
607
906
761
849
361
941
114
86
848
157
709
55
263
832
691
173
813
601
268
543
725
297
60
338
562
65
888
127
496
350
608
729
981
73
991
673
767
162
581
72
407
256
285
360
819
752
850
711
89
824
949
913
326
655
42
722
327
971
177
93
847
941
368
699
256
109
405
811
605
830
992
290
691
846
255
968
431
565
620
607
722
215
41
96
618
87
380
899
874
745
781
219
42
340
252
605
97
259
679
267
558
799
641
473
670
923
871
242
144
531
772
608
621
617
996
630
347
965
661
940
920
329
177
575
483
406
584
50
454
559
763
493
904
96
291
440
535
186
496
844
354
22
37
358
276
115
601
313
885
422
481
663
107
989
848
723
871
664
584
182
554
132
482
13
885
709
226
347
775
144
78
464
161
538
965
749
630
705
860
883
662
589
699
720
506
433
543
349
505
124
448
926
553
167
523
990
234
859
818
823
436
824
630
83
784
676
567
627
956
150
298
233
688
14
721
771
654
163
265
551
215
32
853
957
247
452
311
118
178
300
735
927
233
31
556
994
349
94
895
1
972
127
535
127
40
245
790
397
564
205
323
638
619
406
873
808
601
886
293
799
483
950
373
832
74
617
507
119
82
454
56
157
17
87
174
145
26
182
14
938
625
739
520
662
962
340
905
290
466
202
167
247
383
763
927
565
971
74
87
623
699
407
848
730
103
412
203
955
530
301
349
68
512
107
757
267
743
445
538
472
287
307
89
632
499
881
99
698
945
549
974
110
334
429
26
269
690
687
580
345
171
111
719
178
598
870
606
929
568
701
718
197
642
247
616
855
347
27
84
932
151
406
49
648
53
724
418
121
383
223
506
823
811
14
336
901
366
579
221
804
31
217
338
285
257
487
903
145
235
710
735
327
282
579
495
256
686
305
788
803
649
742
660
144
644
352
860
219
28
860
9
616
993
275
651
277
423
658
171
608
238
196
62
837
20
574
241
52
123
214
316
46
404
793
939
58
162
312
815
824
852
862
380
912
314
1
99
784
129
722
960
577
673
235
782
388
771
684
86
967
984
985
238
974
29
972
446
215
411
18
437
766
579
269
674
306
550
366
152
514
898
956
705
240
408
437
275
360
202
32
519
716
3
701
862
256
7
634
54
356
585
27
483
68
603
660
657
24
352
406
28
792
686
956
50
248
855
280
289
444
894
287
811
344
934
478
40
847
718
832
274
662
689
757
115
323
363
504
282
911
365
133
837
30
489
205
537
151
393
543
172
140
730
213
155
128
726
664
848
135
487
441
220
727
591
334
810
681
204
844
803
924
753
655
606
174
416
916
23
80
164
830
496
805
170
69
134
534
567
992
946
661
260
994
944
652
727
712
524
634
740
510
624
833
648
809
722
167
6
132
138
38
898
938
802
338
266
20
590
63
541
208
386
309
899
39
403
401
204
161
749
249
982
479
252
779
46
605
919
370
423
458
350
558
640
725
84
832
375
982
295
679
219
366
100
833
912
572
312
498
964
380
666
738
86
718
356
678
918
641
720
309
655
50
990
957
209
765
459
746
204
70
614
178
398
829
893
920
925
756
108
658
577
270
941
465
48
109
563
14
421
744
376
436
307
527
31
845
91
973
460
620
205
65
839
796
178
937
943
107
720
475
35
279
808
449
332
884
65
673
310
6
615
582
509
497
30
502
460
651
176
777
25
275
6
899
61
456
299
854
983
64
700
951
984
212
164
723
705
500
972
13
192
812
40
679
162
994
436
323
578
803
525
973
960
826
428
807
52
556
893
904
633
675
166
818
224
340
859
422
793
351
574
863
14
931
747
407
395
771
594
250
133
217
38
245
787
189
650
434
346
683
363
499
410
302
673
401
526
501
759
736
313
336
529
560
875
462
189
427
532
511
59
30
967
633
438
6
127
529
668
376
136
984
978
260
428
208
657
95
422
737
453
636
699
652
539
407
476
923
618
878
760
611
787
203
567
71
875
970
65
770
327
732
740
64
590
22
541
210
90
409
565
13
248
142
213
254
552
582
757
92
174
667
389
657
46
919
279
134
423
575
91
531
622
451
466
120
659
37
983
858
992
707
31
613
934
355
529
418
986
714
937
238
709
328
750
344
689
532
155
84
319
664
691
832
709
273
93
770
164
653
175
660
736
368
855
645
529
5
125
461
559
70
708
669
538
857
703
817
831
551
232
51
334
73
852
37
184
337
122
779
711
706
202
355
93
725
218
121
854
426
668
779
714
103
123
309
874
120
492
930
300
363
242
673
530
894
865
48
236
816
868
543
390
928
442
307
300
46
971
901
625
853
385
286
191
265
986
490
185
306
313
631
381
941
948
624
965
60
648
786
788
617
440
154
261
660
773
880
935
534
463
973
422
386
146
829
483
879
180
992
403
940
66
787
733
881
618
165
324
237
868
345
500
225
450
8
410
97
790
343
228
618
834
428
184
525
978
41
497
174
262
539
835
177
523
914
904
754
362
996
795
935
720
312
593
148
12
44
263
83
376
52
47
718
887
832
636
938
76
776
221
834
43
78
687
133
441
984
666
685
469
9
677
749
682
164
710
502
245
996
82
678
761
810
330
133
970
339
478
581
534
37
947
246
567
743
449
28
30
139
0
238
161
704
136
99
445
488
351
722
415
282
172
846
212
861
731
636
80
451
154
755
923
885
384
791
248
72
861
178
671
68
605
824
634
669
734
589
533
568
600
781
574
548
460
639
164
466
693
367
972
274
612
271
415
627
551
953
391
679
377
635
336
121
541
184
915
204
708
559
270
265
238
402
383
436
893
669
919
588
684
729
556
421
303
908
166
148
637
935
835
174
191
492
309
317
916
977
377
656
781
318
92
734
964
486
302
303
498
781
968
335
869
759
937
248
752
817
420
987
748
46
557
834
909
72
915
29
351
449
0
775
15
156
786
852
430
309
254
761
280
138
987
512
635
325
49
599
363
255
989
812
738
234
572
231
941
786
484
36
321
962
882
251
788
751
78
238
849
859
84
326
411
440
643
107
562
206
336
190
572
155
341
388
346
558
90
249
835
992
741
542
855
88
790
338
633
346
379
168
407
75
835
138
614
331
254
706
895
711
201
681
166
98
176
766
345
887
443
308
637
990
427
456
291
440
550
358
90
25
293
607
207
986
287
377
551
399
535
91
397
411
41
907
190
158
258
215
833
345
860
548
229
542
984
742
339
942
470
532
467
952
176
199
410
451
558
679
280
369
978
514
472
824
275
42
904
933
623
242
480
631
289
349
8
430
730
738
66
550
851
808
567
276
209
898
566
747
713
208
190
419
435
98
372
503
316
561
848
786
859
539
842
150
501
106
186
872
955
739
21
3
401
598
323
127
578
327
325
350
879
7
653
867
622
223
798
439
71
195
146
401
354
431
753
601
876
569
479
986
697
698
287
842
563
226
507
639
8
423
558
375
633
658
328
564
127
382
456
562
665
45
321
783
264
481
395
974
3
260
74
815
86
685
836
582
693
632
531
871
567
808
154
219
902
339
365
658
98
426
961
93
821
860
114
798
209
366
3
223
662
113
280
43
128
687
536
381
796
971
438
643
59
685
63
630
800
127
894
17
379
232
274
468
56
994
825
468
873
905
142
776
864
594
805
578
1
341
736
40
460
401
634
223
288
691
480
907
307
179
16
421
974
403
609
746
165
484
994
555
797
950
454
894
685
804
421
169
847
554
687
510
704
829
689
735
131
45
265
775
844
201
430
827
663
743
465
195
889
686
200
145
15
842
313
501
563
83
204
946
613
147
545
481
621
18
704
312
662
0
815
622
854
222
910
878
947
417
118
821
688
196
32
929
540
368
371
353
211
627
917
595
550
939
322
774
334
309
338
260
686
831
565
579
814
238
474
249
436
636
605
194
989
169
638
72
505
237
6
13
476
448
157
799
720
22
191
64
808
930
397
905
840
238
135
507
376
44
295
946
575
221
209
103
956
147
502
248
864
52
792
534
743
470
696
314
30
297
315
508
158
686
139
402
630
826
865
522
807
526
9
20
568
151
982
799
210
349
748
743
638
322
852
351
939
768
106
432
340
615
274
766
165
827
737
451
109
398
104
835
511
719
867
708
172
878
936
247
939
290
851
535
416
97
422
53
194
908
302
494
325
301
313
698
456
414
811
337
74
151
663
323
326
754
779
468
101
743
748
491
850
279
752
686
520
296
123
788
576
476
425
310
719
574
531
275
76
42
812
750
359
288
139
462
173
269
947
850
8
93
245
207
868
657
727
823
20
464
726
7
18
182
215
990
829
814
900
925
21
525
434
0
906
277
750
863
34
522
456
17
314
101
167
486
76
786
788
518
526
880
283
203
891
388
740
561
491
562
984
222
678
586
623
705
565
659
102
139
865
278
749
692
901
802
431
156
830
439
603
8
540
625
751
220
968
915
140
995
77
117
260
112
363
748
808
823
734
845
238
942
941
101
240
418
543
664
944
815
512
876
111
671
456
761
917
670
69
519
370
792
271
820
67
847
225
241
896
45
80
120
491
387
507
116
387
164
74
436
462
209
460
909
85
689
840
827
345
868
701
804
499
668
861
578
401
697
540
963
77
216
334
39
679
431
382
125
795
783
780
521
997
38
550
534
737
217
527
732
751
410
500
646
579
876
579
947
115
168
23
599
577
82
590
382
768
445
635
308
372
0
567
988
970
404
939
27
846
386
232
975
804
902
239
513
142
258
197
180
348
144
238
498
913
529
11
986
618
395
622
759
617
289
17
104
560
853
406
15
66
123
401
905
763
450
2
241
495
180
615
289
848
407
318
342
409
607
936
998
911
914
865
353
680
544
388
745
803
949
36
720
335
77
613
365
24
555
280
946
419
373
669
428
3
951
779
760
372
122
571
255
941
529
123
277
315
88
558
500
832
34
552
56
994
197
952
375
79
396
110
263
887
881
59
947
394
692
704
852
544
237
895
136
919
882
398
265
839
829
338
180
730
798
527
429
359
64
973
92
861
882
367
558
364
460
926
402
352
676
674
357
143
284
272
781
145
754
214
703
984
836
355
734
253
757
5
105
473
577
114
911
853
321
640
217
201
75
968
236
761
665
596
561
302
428
522
139
296
740
360
101
521
735
391
213
277
893
645
209
678
99
234
908
755
740
372
157
592
256
734
781
497
831
803
611
577
287
856
189
623
422
184
965
15
20
441
550
927
479
227
241
632
141
177
552
692
720
344
470
871
153
692
274
757
940
346
798
363
939
56
128
978
81
953
148
990
766
237
628
558
386
84
101
171
136
59
511
83
208
903
392
951
145
415
134
152
625
798
736
225
186
325
191
694
788
528
606
410
425
31
515
126
24
244
697
677
121
164
603
60
514
646
487
823
500
713
909
159
653
955
603
647
434
739
383
638
801
96
567
983
273
594
400
875
302
982
57
441
509
920
219
195
96
849
375
658
486
719
356
388
786
748
292
585
534
910
490
422
101
813
819
944
930
836
630
594
344
719
192
730
454
891
224
477
830
235
268
315
691
678
847
453
989
413
159
979
419
2
823
194
355
861
702
330
648
928
401
190
337
394
484
261
922
497
680
541
130
16
346
767
688
680
488
653
778
403
841
104
115
259
303
175
840
457
627
361
448
346
310
707
78
948
984
254
100
934
951
799
533
157
404
266
959
707
277
369
604
73
619
493
604
350
513
536
504
592
600
905
189
182
848
86
234
688
999
360
752
750
543
936
638
502
768
728
118
73
738
756
448
5
508
862
240
293
30
561
334
59
503
830
899
312
116
122
491
355
430
121
331
101
295
243
479
998
752
916
680
16
706
610
385
688
823
71
133
725
316
558
983
161
502
123
462
428
125
819
522
664
793
291
615
312
576
916
325
561
226
139
1
794
9
295
420
368
880
108
142
802
654
460
471
764
615
85
26
446
264
350
206
12
349
51
170
929
552
543
980
852
16
393
550
637
292
504
237
489
594
32
15
272
225
62
17
968
183
472
531
19
464
405
361
11
564
380
382
973
755
721
311
339
583
722
97
388
158
824
216
238
683
944
205
244
648
897
842
954
970
880
494
549
825
934
264
16
979
20
505
32
172
45
419
217
779
81
600
162
444
859
776
756
933
688
522
176
248
615
38
909
212
80
909
57
240
549
750
951
757
541
38
551
727
823
491
971
464
252
237
949
345
861
874
142
558
804
532
513
492
190
632
846
545
245
822
915
416
204
440
773
400
116
410
20
497
388
596
844
322
69
606
160
209
435
937
73
192
159
558
596
504
625
149
313
877
67
308
135
478
201
610
934
975
637
463
604
613
903
458
545
237
57
366
238
409
472
842
920
512
366
300
451
697
245
529
473
844
766
771
994
629
511
720
965
621
123
371
76
847
236
225
509
292
803
577
573
468
384
793
720
386
749
418
275
234
28
431
139
265
50
711
630
321
963
349
990
632
412
760
478
236
327
572
917
613
777
956
648
511
456
777
812
218
336
204
497
856
989
548
578
666
18
45
672
79
976
141
894
578
554
84
48
439
917
392
693
771
549
577
315
965
843
687
809
604
346
391
415
534
185
228
570
665
203
304
853
66
930
990
9
945
146
626
84
325
65
464
311
513
332
926
194
514
101
311
402
348
57
933
131
544
429
66
832
28
961
795
407
127
141
154
626
991
648
270
800
105
439
233
762
932
218
150
305
323
546
933
388
381
271
44
751
427
742
331
448
173
704
68
227
753
45
750
918
121
351
445
878
48
44
639
848
488
915
477
364
563
903
620
235
637
57
143
593
842
327
763
317
105
19
558
334
396
895
877
976
891
396
937
828
572
658
573
885
290
762
967
71
143
895
8
218
694
442
298
548
426
61
389
852
508
559
486
266
77
646
284
429
465
899
184
821
388
831
40
318
412
76
888
470
346
494
71
341
454
80
753
499
6
963
830
152
90
832
582
221
967
951
391
8
711
960
21
140
9
63
772
799
123
125
21
373
656
393
491
641
807
813
184
556
538
901
857
430
207
578
363
625
103
932
313
750
392
247
315
63
266
468
532
3
370
841
232
136
678
427
320
218
278
270
748
738
923
743
852
802
199
513
938
460
424
883
711
554
818
107
417
697
888
764
837
23
599
755
151
979
239
648
484
187
791
655
448
776
188
261
752
327
670
728
710
905
999
576
173
505
712
442
184
197
737
379
995
158
589
376
941
770
704
684
25
881
446
268
704
260
906
796
76
585
111
628
619
787
518
901
14
183
597
622
909
409
56
459
449
917
975
788
766
353
596
876
851
615
495
168
536
353
512
303
610
685
712
169
277
416
332
184
23
215
814
467
805
416
882
730
980
7
91
283
638
524
8
347
168
482
270
920
652
859
618
699
823
158
99
931
880
803
746
356
732
5
400
511
323
166
962
355
896
777
595
33
786
720
446
373
346
693
239
592
856
454
693
474
766
641
85
197
777
975
574
269
872
742
133
372
114
527
181
58
280
758
852
681
996
647
229
166
301
725
141
612
840
317
452
594
581
146
235
165
867
922
836
872
600
710
450
831
512
247
958
492
625
955
971
624
242
222
422
659
606
421
662
343
113
582
140
31
197
412
727
157
489
791
223
296
311
712
451
548
777
345
337
860
351
827
586
322
687
561
408
759
345
306
124
334
70
828
168
395
589
444
510
322
313
314
499
145
635
488
84
535
863
875
107
198
357
835
550
891
159
461
804
311
58
631
836
302
683
747
997
804
975
349
340
95
598
727
829
824
14
668
593
627
368
592
367
798
816
566
363
671
358
100
424
61
948
561
347
304
980
263
557
837
168
436
757
570
165
674
40
304
300
61
605
709
990
164
906
345
404
425
268
185
400
476
479
39
548
332
699
715
365
948
439
898
227
372
708
557
88
662
296
269
642
961
558
585
415
644
599
306
716
16
335
22
818
703
110
992
518
435
361
857
211
414
852
392
957
713
943
389
45
393
634
67
660
964
222
899
766
842
858
517
365
566
903
514
303
458
40
941
253
890
985
312
696
58
715
522
66
33
921
470
494
638
386
391
582
201
627
167
943
11
696
79
779
215
423
464
426
178
626
33
758
894
359
778
162
794
509
500
293
470
325
971
697
457
171
284
723
805
319
984
902
611
540
147
865
288
93
902
233
265
495
456
900
851
431
195
172
835
912
323
779
828
800
705
329
447
185
414
152
612
727
515
96
622
75
797
196
725
563
174
863
77
339
470
116
372
764
889
386
289
255
713
456
448
807
180
282
490
296
673
120
25
216
508
744
760
536
857
479
201
814
253
401
601
75
144
202
182
236
966
384
96
935
285
640
437
660
792
657
783
141
394
736
248
124
71
857
126
751
740
423
761
922
847
49
632
378
97
554
116
513
39
410
901
587
104
278
104
676
129
992
418
28
540
868
326
672
791
321
458
325
425
944
728
283
775
293
56
717
357
199
787
497
440
13
146
632
239
454
508
147
650
693
127
599
219
416
830
439
970
443
585
341
148
134
891
677
931
272
844
982
928
517
398
174
925
715
868
993
471
622
382
845
721
931
402
437
580
983
317
359
434
84
663
212
298
556
261
252
725
549
119
452
711
514
113
733
113
602
712
298
996
256
186
934
184
558
719
175
746
862
951
931
171
902
665
269
197
783
699
940
418
690
111
641
837
776
338
866
9
29
528
384
984
944
107
297
587
90
675
27
121
8
655
6
251
422
713
869
676
314
280
737
709
339
983
713
414
876
491
905
833
320
961
94
617
435
198
332
136
995
504
652
621
498
617
446
444
681
261
55
240
90
657
822
604
346
35
560
631
625
696
38
5
184
672
33
618
525
582
802
161
110
587
191
867
160
323
637
308
522
759
143
263
683
329
193
849
405
135
547
619
604
318
61
201
95
671
908
727
202
671
454
859
5
745
535
654
333
638
649
501
349
341
49
308
137
205
132
817
430
870
926
622
305
112
210
672
475
172
531
509
741
399
701
898
486
628
873
850
974
192
484
915
62
769
187
171
671
608
956
608
507
342
804
332
547
523
825
119
830
545
651
967
891
47
116
346
388
90
176
460
127
693
323
508
394
513
30
472
313
151
966
593
471
914
601
530
511
131
445
234
102
572
607
273
416
917
693
710
451
53
793
55
331
480
866
10
595
495
680
144
413
830
708
834
702
310
706
835
41
227
684
909
142
24
356
471
191
69
413
468
551
307
446
895
159
190
717
866
415
745
332
230
597
392
931
229
77
22
858
467
453
263
400
947
355
832
261
886
733
659
88
774
653
910
286
544
983
538
520
456
424
2
431
935
670
634
439
7
958
950
29
119
134
780
782
145
103
482
478
505
94
817
450
889
823
820
394
343
574
217
318
728
340
645
156
981
379
615
804
483
55
578
904
130
536
430
378
987
167
745
644
476
597
846
471
728
563
311
648
911
937
671
597
709
47
752
240
758
993
859
925
863
258
807
446
832
313
200
849
893
616
48
690
764
183
524
386
777
548
437
36
268
564
519
376
652
907
62
174
589
100
603
40
309
221
783
492
197
842
959
909
547
189
613
133
379
831
623
433
718
38
280
913
579
274
917
930
649
725
371
506
495
399
251
631
114
691
447
469
894
554
30
106
312
522
91
544
128
410
188
102
540
461
598
891
271
944
622
792
712
50
242
417
799
71
822
496
378
697
851
917
54
43
498
214
841
811
326
679
460
308
831
759
62
141
90
607
20
354
933
503
900
589
497
678
913
952
201
357
193
81
471
137
857
874
302
676
122
852
154
439
197
969
867
366
66
611
872
600
518
515
639
641
507
745
259
653
449
877
783
876
634
945
127
397
363
643
191
672
495
114
26
3
230
324
44
632
66
881
987
354
346
696
952
483
415
380
428
35
451
19
869
967
554
899
784
915
457
257
576
69
739
56
972
576
867
482
703
265
931
21
897
634
683
757
979
65
853
690
584
860
476
966
215
219
293
541
348
353
910
833
358
457
964
17
955
177
456
958
472
997
33
266
765
923
589
125
245
927
96
901
443
611
568
329
863
508
487
74
960
371
95
975
76
6
564
891
235
931
282
109
450
312
816
972
539
682
492
661
857
969
974
611
97
308
9
41
900
822
979
686
41
860
54
150
551
177
687
697
592
641
756
163
226
646
731
159
311
834
821
528
148
986
265
62
918
443
45
697
480
116
999
78
697
488
801
747
147
790
827
664
14
143
51
507
731
347
239
248
765
592
139
420
537
208
310
420
486
973
839
15
375
604
493
92
614
508
99
153
115
641
155
322
81
610
969
410
634
347
936
217
185
343
666
307
405
29
513
856
885
30
459
261
854
313
802
150
818
227
121
238
971
246
578
349
517
909
612
812
570
705
746
888
919
931
63
913
779
991
237
54
375
393
638
927
481
910
417
783
171
618
814
315
656
17
117
587
791
156
983
197
96
755
480
512
867
817
485
123
664
136
232
994
968
810
666
730
83
729
616
27
787
11
326
927
910
974
535
706
937
156
927
128
999
115
520
965
425
404
776
629
143
597
404
449
605
597
606
74
400
292
177
806
184
285
733
524
840
129
534
277
968
312
231
217
220
774
916
587
101
305
413
235
349
634
406
54
416
327
147
507
902
284
33
580
244
2
232
895
226
461
956
768
968
557
427
222
594
929
801
103
939
882
230
976
557
660
866
908
534
852
623
512
278
133
652
745
77
822
802
739
978
384
614
328
365
510
391
401
742
238
34
427
263
30
425
841
684
68
259
529
507
655
669
294
518
332
349
722
638
925
999
870
657
812
368
295
596
64
824
654
20
194
157
133
525
55
818
433
614
1
302
496
796
652
553
544
434
370
874
666
130
516
795
377
998
598
230
859
535
566
65
499
599
201
764
576
233
729
851
165
334
318
519
454
171
968
695
444
933
62
549
165
639
767
251
75
130
627
907
327
435
116
830
242
387
118
892
144
632
576
450
633
552
95
386
989
365
694
740
107
156
827
411
503
536
8
954
494
916
805
540
63
221
647
595
55
373
983
753
521
644
81
258
520
657
39
299
386
807
850
635
508
538
773
311
908
305
718
572
511
581
369
525
815
287
298
957
8
217
911
142
255
442
192
496
983
325
428
61
442
603
753
25
841
740
871
831
776
69
226
414
937
220
843
122
467
423
266
863
823
82
49
553
806
519
872
143
210
767
960
421
560
431
398
424
239
910
799
229
176
258
98
43
329
667
15
799
0
711
962
949
176
436
67
292
195
381
821
683
629
516
432
791
912
797
662
118
889
811
519
78
566
435
826
663
411
222
400
823
944
77
350
748
144
557
223
324
481
49
187
640
475
663
737
887
878
379
292
895
428
287
661
878
616
28
132
502
178
698
188
127
217
51
763
407
595
702
738
116
844
232
743
210
600
876
325
312
199
323
181
501
444
479
267
648
585
705
359
613
451
27
670
123
94
183
188
986
549
350
40
82
384
708
757
742
514
169
537
432
997
923
132
886
84
838
766
562
877
758
44
375
866
828
745
199
507
779
166
801
257
334
254
912
393
875
920
719
899
15
265
113
94
13
149
805
130
546
74
142
737
135
945
120
314
537
970
702
188
69
676
457
68
293
438
99
179
255
732
482
663
189
665
0
204
391
925
382
631
20
675
265
519
424
954
701
472
271
678
717
485
160
394
869
546
700
196
463
715
230
294
393
468
221
316
304
949
196
311
758
666
482
317
670
125
837
98
585
776
714
935
976
323
935
957
977
598
578
982
512
652
322
89
970
188
467
320
831
509
71
7
912
781
312
91
571
526
906
797
488
837
149
930
155
833
712
168
506
285
793
103
401
641
113
289
993
507
212
487
871
806
590
866
576
780
457
243
178
566
363
736
294
900
405
547
306
186
350
920
3
690
141
442
543
728
190
995
112
335
667
695
573
213
804
356
451
445
346
896
680
337
492
158
512
201
997
718
192
692
589
832
280
698
27
533
942
157
356
698
77
514
845
106
885
727
765
767
435
994
438
509
377
883
610
779
201
959
73
503
890
443
969
124
541
145
567
674
698
546
953
979
171
600
662
614
82
367
5
569
294
727
578
959
265
480
775
308
253
867
79
169
644
281
29
505
503
99
236
775
830
612
544
833
734
879
337
445
761
48
560
278
448
706
801
755
891
301
520
636
792
25
809
834
802
915
95
530
145
867
294
886
159
592
773
473
899
905
434
156
359
864
785
825
843
125
536
59
604
245
217
104
519
964
723
989
191
758
802
796
271
670
162
388
434
985
11
757
405
290
494
271
301
3
70
910
549
916
554
260
16
803
815
323
933
769
170
981
873
853
42
138
942
95
460
293
344
707
864
212
632
495
601
10
930
779
450
978
593
341
964
106
267
613
44
314
447
284
809
47
610
124
243
721
360
923
463
605
680
266
887
207
249
972
766
480
936
438
601
104
652
618
121
809
448
759
926
72
671
528
189
0
735
935
49
540
396
678
112
152
588
290
220
845
299
485
26
383
853
230
199
285
448
199
358
645
181
283
871
337
59
330
929
282
491
154
464
999
91
955
434
826
922
248
435
591
794
205
296
698
483
209
360
692
707
209
743
57
404
750
140
90
254
629
170
514
884
417
284
551
923
423
634
294
228
886
888
915
338
337
869
476
383
298
689
737
945
396
767
555
618
13
362
654
797
110
404
220
244
121
865
39
47
190
835
658
638
442
567
492
72
980
500
971
508
781
700
401
388
604
434
277
578
27
123
177
355
929
978
284
656
909
828
475
475
660
138
392
998
511
52
943
183
876
786
217
391
310
966
959
274
940
909
77
258
468
205
720
140
826
857
237
340
665
983
168
763
52
738
886
238
985
251
495
851
810
890
843
77
90
283
88
270
169
452
253
852
860
826
15
964
908
716
389
59
633
199
857
924
650
360
558
995
356
840
881
0
189
449
205
159
932
855
663
685
262
858
282
997
95
832
240
16
188
167
671
434
225
656
387
33
828
639
573
177
380
719
512
187
151
587
931
476
23
446
528
393
713
244
145
905
818
186
714
443
197
375
30
573
549
222
385
878
388
580
783
660
758
636
776
999
685
810
737
431
329
13
72
496
652
629
572
427
791
515
646
953
820
224
544
496
794
518
72
656
686
667
24
47
284
475
726
536
682
853
819
843
757
246
715
566
195
330
264
560
948
913
522
646
741
101
775
159
274
618
3
242
832
991
828
151
612
9
941
755
947
558
461
621
792
190
203
509
131
982
489
877
308
375
433
903
164
883
152
101
931
927
14
272
844
628
951
352
73
496
506
835
316
249
459
769
60
938
470
155
240
726
706
931
227
313
496
335
444
717
239
584
136
450
454
447
766
143
317
806
223
493
848
932
377
908
872
698
958
172
760
491
309
189
225
713
685
538
466
682
698
64
376
626
525
581
486
641
164
340
961
237
747
412
467
730
301
528
890
990
155
962
740
809
672
408
361
66
622
544
140
237
969
56
215
255
863
894
459
244
680
438
913
448
839
106
176
138
573
771
315
567
614
398
702
282
546
714
261
153
891
678
601
211
22
831
680
181
392
87
512
948
502
442
255
436
377
721
154
487
940
665
872
634
795
430
859
425
554
504
362
787
903
376
253
984
749
12
63
318
518
454
81
467
796
747
241
557
731
247
478
821
95
837
134
123
558
836
150
938
978
510
509
204
726
50
405
480
849
849
599
575
971
637
107
311
131
69
881
15
835
606
391
393
986
44
319
269
60
102
19
858
551
583
224
815
340
568
933
888
719
106
126
68
365
610
489
587
314
486
180
165
908
331
49
246
672
801
904
165
407
134
183
12
44
55
16
538
637
446
551
563
667
212
974
73
879
55
80
452
259
31
310
308
363
675
785
896
534
793
213
383
845
938
181
788
734
371
465
615
989
336
57
813
96
659
597
873
574
506
91
300
675
655
315
257
258
928
122
971
544
679
465
223
696
909
626
334
505
943
879
907
96
818
879
867
203
562
557
530
244
702
334
841
926
952
519
781
583
848
145
780
833
200
162
257
542
898
953
479
232
278
622
913
811
136
59
128
640
822
995
358
310
478
174
23
679
734
702
967
196
510
265
246
86
215
219
400
562
71
911
306
32
740
586
247
593
350
796
264
210
738
419
977
433
48
606
488
51
86
388
793
783
917
510
773
707
689
87
617
353
487
975
115
805
823
406
559
886
432
587
287
958
930
25
905
568
511
811
538
517
955
548
624
931
171
341
70
627
314
740
208
557
701
149
910
402
696
400
270
886
906
870
410
456
828
625
936
455
999
536
208
802
882
660
632
460
371
154
660
891
541
764
393
380
151
270
272
908
37
426
864
709
360
153
428
835
473
471
963
138
644
729
671
478
967
398
125
287
152
495
651
63
326
548
56
264
792
413
236
671
130
122
688
471
335
519
513
92
592
687
878
621
993
579
993
821
565
111
755
774
72
730
247
930
450
169
432
287
116
919
838
910
426
226
452
769
433
508
717
823
450
172
669
909
604
689
164
746
280
692
37
439
326
527
349
329
901
901
902
588
591
278
499
78
610
407
982
606
627
253
773
359
686
948
604
773
208
312
347
114
685
687
344
973
206
105
768
743
778
957
782
756
365
529
366
627
542
589
907
130
913
933
68
689
926
209
438
664
633
827
827
520
224
181
264
323
651
700
716
602
205
381
460
545
42
746
555
808
225
592
855
409
864
952
623
480
614
105
288
4
427
111
295
401
68
194
80
616
187
621
21
588
228
632
291
313
482
325
758
658
359
348
205
183
698
379
776
834
563
294
6
556
402
615
179
513
694
498
918
141
193
759
152
593
248
164
488
670
673
494
692
717
933
245
363
896
789
346
341
249
424
285
331
181
770
631
723
891
593
320
764
823
81
510
136
150
271
148
415
670
867
554
448
396
86
455
299
297
923
231
649
209
298
74
845
433
255
268
180
485
338
154
103
883
639
447
474
279
221
491
116
44
84
277
911
212
903
517
657
20
578
345
177
39
781
985
934
134
93
609
329
800
316
43
19
84
335
990
648
744
5
655
179
732
752
402
963
592
68
725
203
855
20
33
472
967
812
166
83
782
9
234
54
451
300
46
371
773
493
293
96
964
996
106
255
818
955
813
706
566
800
113
940
229
647
701
730
277
595
565
712
943
837
628
487
192
21
520
741
916
725
83
141
872
806
521
269
51
945
107
223
896
360
86
167
322
37
312
955
204
207
225
40
532
958
890
377
563
356
110
35
917
531
177
428
535
701
144
801
417
599
543
358
506
591
521
969
866
540
279
952
569
220
824
152
17
248
41
207
434
572
442
921
266
563
301
391
838
488
963
879
658
967
221
988
833
161
740
285
458
982
893
844
671
773
45
381
523
263
332
246
87
890
705
333
561
57
770
932
409
689
510
874
889
662
458
948
465
308
860
249
668
561
719
3
699
551
619
56
900
816
800
696
863
642
927
978
876
818
645
183
604
12
533
752
106
912
793
274
878
569
933
87
910
912
192
873
161
781
967
416
890
77
360
131
45
615
912
331
569
536
633
234
202
526
884
195
689
986
975
875
347
86
531
12
43
190
644
723
237
100
206
167
472
259
312
26
6
829
808
989
619
496
51
35
160
59
927
367
363
230
743
682
957
831
297
436
607
153
296
700
338
423
50
435
194
47
741
170
485
905
922
852
566
78
886
765
609
254
217
146
746
242
237
883
135
992
885
875
982
892
207
776
404
219
88
142
932
435
802
878
184
567
356
611
342
591
566
437
562
851
352
870
436
648
390
930
638
219
154
828
469
219
254
796
241
787
596
884
442
733
372
194
193
514
161
663
528
197
424
102
791
792
30
328
420
613
869
572
358
343
163
701
462
650
360
187
811
700
833
243
232
911
582
82
796
471
684
493
318
285
679
100
835
670
752
908
742
422
487
420
226
870
670
528
679
797
161
257
999
970
309
173
691
175
716
250
183
969
962
126
454
820
416
267
187
427
619
390
854
262
455
190
704
604
525
377
643
655
222
250
496
824
803
247
422
287
587
487
100
716
648
953
379
780
318
71
67
739
409
146
792
200
274
831
657
182
581
38
518
246
978
3
803
522
542
325
837
189
382
460
183
758
816
257
489
459
397
413
22
993
879
515
353
474
59
265
68
944
922
617
388
965
586
63
892
133
436
611
364
299
882
734
133
512
127
929
724
267
298
760
657
266
633
630
612
390
446
618
531
317
288
360
161
416
553
874
150
981
919
956
503
407
554
952
10
961
513
902
305
810
537
189
944
881
746
79
852
10
936
982
642
889
955
796
290
771
515
905
582
365
749
846
554
76
314
534
154
651
106
180
290
930
852
518
70
915
840
129
79
497
628
439
127
881
751
636
689
906
205
359
288
65
168
163
194
101
575
596
928
610
214
870
509
801
609
241
408
748
790
850
880
782
230
931
788
121
104
523
12
770
859
776
495
935
557
216
314
544
492
622
793
267
16
354
85
801
956
602
722
559
183
972
580
311
163
654
910
12
297
588
62
765
519
104
984
456
568
616
765
696
614
473
88
145
774
450
206
200
440
523
791
0
825
580
501
855
47
18
648
655
928
524
139
368
727
124
247
98
93
936
777
977
24
328
667
401
402
723
