5396231805625036 6 2021 485
4676627614424203 3 2024 181
9047887953104835 6 2024 342
8592778625293851 2 2022 911
1523155479071083 1 2021 947
3642244432503312 1 2022 656
5444907576146923 2 2020 706
9556480959092547 5 2024 133
7326110241035627 4 2022 789
9469883761974762 12 2021 704
5642880632959972 9 2025 614
4674739133123804 3 2021 896
7348087813353500 10 2024 173
5675457708893912 9 2023 199
1892133182204685 8 2025 935
2637799094670838 8 2022 721
5285434501642418 7 2023 451
9290672395404609 12 2024 206
9642797610627281 10 2021 688
8708295311570112 7 2025 115
2463035763711713 5 2022 492
6715591748772009 7 2020 897
3280848264763760 10 2023 911
5948171411040815 2 2024 391
4369271191433773 9 2022 976
1254516913788914 11 2020 620
9427097123428590 10 2025 276
5005381799887116 4 2025 669
3580593126176433 8 2023 598
6998847524591484 8 2025 883
8626263375646575 5 2023 193
3356680420334187 12 2023 288
7127988943235602 7 2024 700
3073158979164676 2 2024 454
7316993977974107 3 2021 556
9263337298261541 2 2022 123
2211802012456056 4 2024 526
6205654775725580 12 2024 606
7057933137847941 9 2025 416
8025682374251910 8 2023 564
9047698499433540 6 2022 943
9897728540681060 8 2022 988
3535850851975561 11 2020 290
8465423797080217 3 2024 993
4304277307198668 8 2021 126
5251866173289176 5 2020 877
1781937797459410 3 2020 124
7861093103032654 11 2022 530
1414416511060985 8 2022 915
3355096413388972 2 2024 119
6576115608952451 8 2025 940
4872424076358984 8 2023 947
3504312453551628 3 2023 678
6849432887728868 4 2021 236
5939600848642140 4 2022 639
9288761886614460 11 2021 572
6670149008010493 10 2022 779
4414016262234981 8 2023 396
6400014180288204 8 2024 361
3958120877298466 3 2021 418
6367666737767463 10 2023 504
5458047977520854 10 2025 813
1682809405998347 9 2024 317
7528857331217852 9 2024 600
1758426545298835 5 2020 723
3991939834462480 5 2023 339
7058318589796339 8 2025 283
1630335578383395 3 2023 687
1618803927329423 9 2022 960
7816670453279253 4 2020 550
1758053668214331 11 2023 678
5533523890903546 4 2024 983
5852022199905146 9 2020 374
7878394295336311 10 2021 781
2505073522240206 3 2024 700
2507539344728894 1 2021 223
8192135686888498 12 2022 847
9977688733491610 2 2021 208
3877378513683099 2 2022 824
4001542772747522 4 2025 377
4156315654807061 7 2025 518
6587276771444366 11 2023 962
2151944489613713 2 2024 638
8083098732326472 10 2024 856
6014638555153377 12 2022 129
6834347748053696 4 2023 673
3357151596716932 8 2025 312
8797387672393938 12 2023 962
7064745600294651 8 2021 192
2274764510697480 7 2021 720
4993277407344897 3 2021 173
2351135300102178 1 2021 122
5379787452073935 6 2023 936
1551668691308296 4 2020 519
1695206254797199 1 2020 540
9093972464455688 4 2025 194
5944031429006857 5 2022 447
7618537435734300 4 2023 241
1344093179606736 11 2024 598
3455455737999180 1 2025 774
9784596194350099 4 2025 461
7842961944743873 8 2020 202
8575150384896047 2 2023 279
9111034915985526 3 2023 730
3789600065233220 1 2024 271
1313724253742203 8 2024 648
3036037835009386 10 2023 180
3293863032435183 5 2021 378
2228698128155174 12 2025 680
9479854434706518 10 2023 913
7068819894625401 3 2023 377
3572730014813149 5 2023 357
8744498681438615 10 2023 300
5557053282809471 5 2025 236
3474389179662805 11 2022 544
7215867061351150 6 2022 518
1702042901653372 9 2025 201
3007451414096099 10 2020 881
1394840472424433 10 2025 498
2772218026722784 1 2021 747
7224413572541293 9 2021 590
2705663349335214 10 2023 606
3077636284294469 10 2025 278
7477950151924376 8 2025 937
1749736544474424 2 2021 615
8653851104685128 5 2024 792
2377967451473797 12 2020 324
6159228119779440 3 2020 380
6573803765864854 9 2024 552
1499973358527867 7 2022 543
4027168364890264 4 2022 938
6446479341914654 1 2023 405
2011004530972206 8 2021 953
8648177366944255 9 2021 823
7068715990958300 12 2022 371
6491169898097931 11 2025 665
9274257728791535 8 2021 386
2457634508540039 8 2022 116
9734127816879799 7 2020 345
3737409542585125 12 2025 678
1240880831957143 6 2023 533
2670377193876314 6 2025 625
9315071822210944 9 2022 795
5949948722193107 12 2024 370
7831447374156126 3 2025 952
1391725543005258 6 2022 976
4905246612996904 4 2025 828
5356961588830249 6 2024 819
9985090930724904 6 2023 482
5973063335291723 11 2024 457
1423449912034452 2 2023 993
8942353412923517 6 2025 810
4129626948815956 12 2024 299
2020666468626565 12 2021 969
3877891644099510 6 2024 762
3320145871821681 11 2020 726
6047657644616829 7 2022 799
6536035065180630 10 2023 306
5718597936381690 1 2024 447
7961588083109518 12 2021 893
5325700867389538 4 2020 676
8325183725826821 3 2020 246
5917951660960608 2 2025 255
4285761527709851 2 2022 432
4545399939009633 6 2024 244
7491807240441467 7 2022 486
7047428999128020 3 2021 539
2687857920342162 5 2020 793
8606772707322173 8 2022 206
2086223883180073 9 2021 261
3132566146646322 11 2023 873
3772975724340980 1 2025 402
1548085482383586 3 2020 894
7824461368096169 1 2020 158
7627789411569756 11 2025 896
4635277392640394 11 2025 396
7839324435584364 9 2025 283
6361154298573046 1 2022 766
3282938993127494 1 2025 203
4699863285406096 5 2021 165
9748038819331085 7 2022 980
3152657890550354 10 2020 379
3895988045935589 9 2023 174
8249797354675425 10 2025 319
6565823806021884 2 2025 775
8777717791677513 9 2021 370
2120054489698976 11 2021 693
6082666695856314 11 2023 946
4597911867111435 4 2022 498
4053774514308421 7 2020 916
7532172050559491 10 2021 516
3713506824740720 9 2020 241
4412275281288497 6 2021 290
9668356669050852 6 2025 725
7309774599700954 10 2023 221
4893467226664318 4 2020 818
7253646206998953 2 2021 814
6855834925019122 1 2020 505
2400616255919150 10 2023 926
8817770721020728 6 2022 324
2160731555477661 12 2025 204
4982819591081291 4 2022 980
2548747513726866 9 2021 646
7605851955350709 8 2024 667
8768371436813265 10 2022 555
3158433375513689 5 2025 417
2484748980519346 7 2022 366
3576045522839100 12 2020 287
4780887906141560 8 2020 216
3966625807146167 6 2021 971
4507214337134267 1 2021 909
4428698161861618 8 2023 521
7978526481659333 7 2024 855
1653946710377865 8 2024 500
4321144227296654 9 2020 412
9873160591561516 7 2023 618
6337175120471777 6 2025 791
5160283878930012 9 2024 447
7872987954307364 4 2023 625
5884355658431791 7 2024 389
6823044843032596 7 2022 742
9356585166049433 7 2021 165
6783628648590012 2 2025 956
9454313991192897 11 2020 677
6197265600227852 7 2023 512
2019120529731575 10 2021 880
4125600211865998 12 2023 968
7678201278912066 4 2023 408
1317498052320045 4 2020 803
4282620694613830 4 2024 893
1676129638424850 8 2023 168
8608407457679610 8 2020 832
5349347105716478 5 2025 467
3108094186351353 7 2020 556
4684984796829440 2 2024 573
6423123583068681 6 2020 332
3959970769863130 9 2021 636
7641024585974328 7 2023 694
7956582779167177 8 2022 212
2995208360459540 12 2024 331
2703429247548995 5 2024 128
5731457084814028 10 2025 678
8438528063119204 4 2021 357
8166437742125697 2 2022 478
6062811545410458 3 2020 800
9495744950144718 9 2025 732
6864964506568163 3 2023 231
8955075646356095 4 2022 667
2312643186110094 8 2020 163
7573143291524531 5 2022 560
6969168569796082 10 2024 816
3473541173751935 12 2021 146
7514521167050018 6 2024 981
6814749432093599 4 2023 646
4058895894388376 9 2024 862
5843044430532662 7 2023 251
6377999191916273 12 2024 482
6174927680045919 10 2020 800
3584906199275912 2 2023 571
8633588059878266 2 2024 386
8542590981305638 4 2022 595
7267596014210453 12 2025 154
9050680550714237 11 2024 389
2002321821118066 12 2021 452
2912189539620415 10 2021 620
7260874243050881 7 2025 822
8355094055590706 5 2024 274
8346599117056475 2 2021 367
2863968219241621 6 2024 313
7003459953004308 6 2023 156
6393970123849590 10 2021 851
5393836295680598 7 2022 849
9349803213562911 7 2020 826
7999976273711316 11 2022 532
4399588020585916 8 2021 821
7210864743622225 11 2025 749
1621237398475364 11 2020 941
9713610074733680 9 2025 735
2351386096350976 11 2025 748
2507788739953326 12 2021 587
9113250357588937 4 2025 822
3246820837999788 7 2022 515
9791110992348800 8 2020 172
1300873391197023 5 2023 314
7461238108431657 2 2020 574
5443145807381587 3 2023 468
2429983050753225 10 2024 946
3980288948922729 7 2023 457
8314610673188609 12 2020 397
4746101752259798 10 2020 985
5474430467351061 3 2021 780
5699942824202469 12 2023 915
7573701607260459 5 2021 499
6073513056397450 8 2020 508
2293957904918881 2 2022 646
6131652001069862 10 2021 124
6818769776360577 7 2022 466
9795957138342754 1 2020 437
7964149405784190 3 2023 452
5962321325893151 1 2021 162
7517787604690023 6 2024 718
4805347990529196 11 2024 681
9954655223600240 5 2024 193
3457897986887580 5 2025 656
2181680654436896 6 2025 215
8023189958565511 11 2022 760
4859989477016162 10 2021 791
6259680911530627 4 2021 833
2167810398759219 3 2022 387
8793383614786380 7 2023 709
9639614924742049 1 2021 218
2343939583054723 4 2024 972
9387619908798027 7 2021 328
9999280219663873 1 2020 575
3712537253175352 6 2024 914
6669493385073409 6 2021 977
5872124978658604 7 2022 504
9388842952282302 11 2023 161
3233230582884732 7 2025 500
1955536560388312 8 2021 622
3980999521026879 7 2023 629
1919623682629135 10 2023 721
8232399022432106 9 2023 873
7812969292927067 4 2025 296
5007689171518410 8 2025 693
8150821654100150 5 2024 514
6510606493374173 12 2020 982
2555071376067637 5 2020 780
3348825355420473 4 2020 918
3695241974271990 8 2024 529
8970852485433339 12 2022 577
2210421658247431 10 2024 677
7574497949268016 8 2020 683
1647078056810656 10 2023 324
5548781418151981 5 2023 696
8453212819697740 10 2024 755
5022814505466711 7 2025 658
1295016857755098 4 2023 194
3558314514162602 4 2021 212
4823262226914434 5 2020 528
2265067826473092 3 2024 826
9567594751911649 4 2025 425
8923588080030552 6 2024 117
6138798377790495 1 2024 952
4895250303884511 12 2022 554
6025970298076173 2 2022 525
2454715531187379 6 2025 357
6125542419656517 4 2023 122
7977167110827077 1 2022 245
2184613897843189 10 2022 218
7026700394348350 3 2024 624
8497396612418744 2 2024 809
2358876368223717 10 2025 157
4923426919633405 2 2025 278
8422546373156271 8 2023 622
6802484282419954 2 2023 921
5767030562642501 9 2023 410
7184399896693045 11 2024 654
6666361516706850 11 2021 437
3917593792453179 11 2025 869
5926855553734343 9 2024 127
9447397882274939 4 2021 411
3121707051422399 7 2023 235
6128173310036140 5 2022 109
8885513263594574 2 2020 984
3018249886535791 2 2025 892
8783521978226805 8 2025 478
3011360225048459 1 2021 343
6274139747396334 5 2023 482
5622625236845579 8 2022 680
8870667077917880 4 2025 743
9032364813532853 9 2025 624
1547737990441409 8 2022 738
8291420249181526 10 2025 969
3680326093325541 2 2020 222
6441653291106362 11 2022 120
4251857456943133 9 2023 144
2315841431319273 4 2021 242
3667552856826771 5 2023 339
9999384575708793 3 2025 740
6907251481722230 9 2023 544
6130905237555763 12 2022 337
7172740974239697 12 2023 539
2754789704361273 2 2022 951
6567924327725225 7 2021 517
5277652446031296 1 2023 595
1971005474504159 10 2021 948
9721318888460247 2 2022 678
6661526880315426 4 2025 630
2366900831402622 12 2023 825
2281120833637356 9 2024 909
1298181407014988 2 2021 607
1395514023208772 3 2025 300
9113327698703498 7 2020 388
1393420646120202 8 2023 988
9766891201263885 11 2025 379
4236416790268466 2 2024 791
9836832941941411 12 2024 423
6825202151384879 8 2024 647
3394325106992392 12 2021 946
4817843404987602 9 2022 235
7033071324392870 11 2022 623
4137500172043374 3 2023 627
3378385889713427 2 2022 953
2927208179787123 9 2025 643
2399089809785638 12 2020 132
5603004286352951 12 2021 929
2641661042235639 11 2024 680
1481450219020424 2 2021 728
1407163384683248 6 2021 735
1455261363480423 3 2025 640
6071684022289676 6 2023 122
3210217578500466 9 2025 584
4835693778547000 9 2022 183
6376311010696964 9 2021 692
4318498643781604 12 2024 554
8644936531605365 8 2020 491
4768477971580635 3 2024 159
4413769646220302 1 2022 857
9093860587184794 6 2025 756
3216739356423921 3 2021 639
9663101856879787 1 2022 355
2155159890321388 3 2022 475
9687850034693828 3 2025 552
5764245105465991 8 2023 468
5958917034128601 12 2024 378
8059338828989999 1 2023 437
1527352441489634 4 2021 658
5047416245658706 4 2020 302
6518779695221825 4 2023 887
9186764389827324 8 2025 621
5364212463954344 11 2025 499
6990006207964441 4 2020 506
7127295147280921 9 2024 747
5449463278444832 12 2021 167
1793772787484007 5 2022 877
4092435704494901 7 2025 320
6319170011856937 2 2024 997
1258241194610152 3 2023 507
1468114819191183 9 2020 971
5360228744822722 3 2022 812
4727140397948848 2 2025 998
9771120262898901 5 2020 894
9125179564715603 3 2025 399
5617885357670483 12 2021 158
7681687986836566 1 2023 740
3373536028937588 9 2022 905
2323537525100984 1 2023 653
3955626834217105 1 2021 896
5770948355293932 5 2025 356
2084976452601670 5 2021 496
6903454374732955 9 2024 697
4805235722526817 1 2020 802
3865645337204361 7 2021 703
2290156736893368 8 2024 861
8115866632135289 8 2025 614
7606995111179208 9 2024 256
5035401661704232 10 2021 443
6302766653870099 5 2025 249
2733054262594160 3 2022 934
8786873500669575 1 2022 343
3582427033758761 2 2023 428
8779627971227766 4 2021 629
8490370157308561 11 2025 613
9804599766788789 10 2025 307
4241101014662576 9 2025 595
7608536345954167 12 2021 246
2165393529988380 10 2022 762
3526256473095683 11 2025 598
7509486520789345 10 2021 486
5573595210402166 11 2024 288
8035144545872096 6 2021 384
1493003987814845 7 2024 306
4152422719394304 7 2022 554
2337997047254938 3 2023 561
9162899228768674 7 2023 399
2675379951004727 9 2020 533
1665206776655662 10 2024 666
5248731775899776 7 2022 289
6572382031253380 2 2021 280
9241237976636652 8 2025 813
5053731697244874 12 2020 269
8411949179940241 2 2024 957
3383502599946404 9 2023 319
2557194397096961 3 2024 811
9337045902105610 7 2022 767
5773575909559946 4 2025 828
6758755593304711 9 2023 476
1509920444392793 9 2024 993
2197148069814855 9 2021 564
5567990707028548 2 2020 972
8533026785311516 9 2024 859
1728630262588016 2 2025 444
5207206227700360 10 2024 981
7121353985058659 4 2021 263
9045969808879012 1 2025 305
5661281731658608 2 2020 381
9255325320732109 3 2025 497
9425239979143986 3 2025 938
6106982377971976 5 2021 173
