6907251481722230 9 2023 544 1279.21
6047657644616829 7 2022 799 515.71
6377999191916273 12 2024 482 1071.89
6205654775725580 12 2024 606 33.50
2507539344728894 1 2021 223 734.25
3576045522839100 12 2020 287 168.41
7326110241035627 4 2022 789 662.32
4058895894388376 9 2024 862 66.58
3320145871821681 11 2020 726 416.38
3228378053122395 9 2021 472 911.72
2507788739953326 12 2021 587 902.94
4805235722526817 1 2020 802 298.07
7260874243050881 7 2025 822 639.49
3991939834462480 9 2023 339 148.55
7816670453279253 4 2020 550 585.19
9873160591561516 7 2023 618 809.43
9042497762776942 4 2020 993 632.07
8626263375646575 5 2023 193 293.78
2505073522240206 3 2024 700 110.57
9795957138342754 1 2020 437 1194.54
7650263063333472 12 2022 670 67.78
3108094186351353 7 2020 556 1480.00
2705663349335214 10 2023 606 927.77
9499902306022875 12 2020 540 721.17
2928927298243956 8 2025 799 473.24
1394840472424433 10 2025 498 327.95
9873160591561516 7 2023 618 101.60
4092435704494901 7 2025 320 892.37
9113250357588937 4 2025 822 458.83
2343939583054723 4 2024 972 539.57
6174927680045919 10 2020 800 1086.21
3713506824740720 9 2020 241 178.47
8083098732326472 10 2024 856 1381.19
6441653291106362 11 2022 120 565.19
5285434501642418 7 2023 451 391.01
5642880632959972 9 2025 891 1321.55
9113250357588937 4 2025 822 1053.70
5852022199905146 9 2020 374 1491.56
6825358265321222 7 2021 678 457.44
5764245105465991 8 2023 468 678.63
6536035065180630 10 2023 306 567.98
8575150384896047 2 2023 279 670.12
3121707051422399 7 2023 235 1276.36
6249090633115527 7 2021 517 1273.81
1523155479071083 1 2021 947 1296.75
2670377193876314 6 2025 625 216.34
7977167110827077 1 2022 245 531.77
2484748980519346 7 2022 366 452.02
3246820837999788 7 2022 515 275.25
5843044430532662 7 2023 251 1147.26
5861225481748080 12 2021 973 199.38
6014638555153377 12 2022 129 1390.16
7121353985058659 4 2021 263 588.61
4275051083580445 11 2022 777 1061.94
6131652001069862 10 2021 124 72.92
5047416245658706 4 2020 302 742.00
5227129436431002 4 2024 694 1380.22
7298779177486555 2 2022 683 48.27
3695241974271990 8 2024 529 600.80
8166437742125697 2 2022 478 1473.42
4674739133123804 3 2021 896 812.36
1749736544474424 2 2021 615 1103.98
5533523890903546 4 2024 983 739.86
9454313991192897 11 2020 677 756.14
6715591748772009 7 2023 897 317.91
2197148069814855 9 2021 564 1034.00
7299775419405730 9 2023 949 425.67
6376311010696964 9 2021 692 1482.69
3293863032435183 5 2021 378 854.98
4676627614424203 3 2024 181 387.05
4241101014662576 9 2025 595 1093.68
9556480959092547 5 2024 133 1053.28
5661281731658608 2 2020 381 1059.56
9255325320732109 3 2025 497 75.66
8355094055590706 5 2024 274 1391.75
7978526481659333 7 2024 855 1427.58
2184613897843189 10 2022 218 797.05
4805347990529196 11 2024 681 911.98
3695241974271990 8 2024 529 161.01
6287441051229808 5 2021 701 936.26
1551668691308296 4 2020 519 950.01
2086223883180073 9 2021 261 962.05
2400616255919150 10 2023 926 198.11
4412275281288497 6 2021 290 28.98
1702042901653372 9 2025 201 249.82
5458047977520854 10 2025 813 572.64
2772218026722784 1 2021 747 633.73
9836832941941411 12 2024 423 928.76
2351386096350976 11 2025 748 306.14
3348825355420473 4 2020 918 1470.44
2315841431319273 4 2021 242 521.77
1676129638424850 8 2023 168 547.07
1527352441489634 4 2021 658 1126.32
1393420646120202 8 2023 988 329.96
6903454374732955 9 2023 697 70.77
1547737990441409 8 2022 738 8.77
6904592969961159 11 2023 383 975.02
9050680550714237 11 2024 918 1172.05
2197148069814855 9 2021 564 729.85
9977688733491610 2 2021 208 590.68
1300873391197023 5 2023 314 57.14
2151944489613713 2 2024 638 30.29
1258241194610152 3 2023 507 461.34
5617885357670483 12 2021 158 749.84
8606772707322173 8 2022 206 842.27
4805347990529196 11 2024 681 216.86
9050680550714237 11 2024 389 538.42
1551668691308296 4 2020 519 1324.95
9795957138342754 1 2020 437 955.25
2400616255919150 10 2023 926 936.88
2019120529731575 10 2021 880 1394.09
3865645337204361 7 2021 703 1088.06
6990006207964441 4 2020 506 278.16
1288496680404520 6 2023 623 538.60
9795957138342754 1 2020 437 764.08
6014638555153377 12 2022 129 393.82
2120054489698976 11 2021 693 152.75
6361154298573046 1 2022 766 1112.33
2337997047254938 3 2023 561 186.35
8192135686888498 12 2022 847 732.87
9241237976636652 8 2025 813 365.22
3680326093325541 2 2020 222 347.82
2351386096350976 11 2025 748 260.22
8644936531605365 8 2020 491 374.03
5379787452073935 6 2023 936 320.00
5917951660960608 2 2025 255 286.10
6159228119779440 3 2020 106 49.48
9274257728791535 8 2021 386 203.32
5770948355293932 5 2025 356 86.21
4135875642099383 10 2024 907 630.20
2754789704361273 2 2022 951 197.18
5973063335291723 11 2024 457 608.20
5731457084814028 10 2025 678 136.23
9050680550714237 11 2024 389 1440.42
9784596194350099 4 2025 461 329.09
5160283878930012 6 2024 447 586.11
4805235722526817 1 2020 802 810.23
9469883761974762 12 2021 704 876.68
6849432887728868 4 2021 236 1419.81
7172740974239697 12 2023 539 1157.29
8059338828989999 1 2023 437 1216.45
7831447374156126 3 2025 952 208.37
1695206254797199 1 2020 540 673.83
8227144721885824 7 2021 153 502.57
3176050710850077 8 2022 464 1251.92
1793772787484007 5 2022 877 1213.40
5661281731658608 2 2020 381 372.59
9202972533531654 2 2021 167 650.52
6802484282419954 2 2023 162 758.04
7978526481659333 7 2024 855 697.20
4817843404987602 9 2022 235 456.35
1844294219724938 12 2021 650 1362.83
6661526880315426 4 2025 630 51.40
9495744950144718 9 2025 732 1084.12
2399089809785638 12 2020 132 539.65
2351135300102178 1 2021 122 715.79
4156315654807061 7 2025 518 315.46
5699942824202469 12 2023 915 905.27
2687857920342162 5 2020 793 282.10
3280848264763760 10 2023 911 1067.18
9771120262898901 5 2020 894 90.69
6573803765864854 9 2024 552 105.99
6834347748053696 4 2023 673 478.82
7574497949268016 8 2020 683 1094.91
8533026785311516 9 2024 859 219.51
4893467226664318 4 2020 818 351.87
4551592067712046 11 2023 933 663.76
2712470898899887 10 2022 768 1233.81
6510606493374173 12 2020 982 822.68
6377999191916273 12 2024 482 1260.83
1724001742565699 1 2025 305 303.82
1395514023208772 3 2025 300 439.57
9999280219663873 1 2020 575 438.56
3917593792453179 11 2023 869 18.57
9202305303322879 3 2022 957 53.09
7224413572541293 9 2021 590 447.53
3280848264763760 10 2023 911 1111.11
6917016085282509 9 2020 549 551.14
3877891644099510 6 2024 173 622.35
9111034915985526 3 2023 730 931.20
9800427322507462 11 2021 402 1389.35
2705663349335214 10 2023 606 929.20
4573302592995823 5 2025 656 827.59
8575150384896047 2 2023 279 291.36
1258241194610152 3 2023 507 519.91
1807901328178767 9 2024 909 95.10
8249797354675425 10 2025 319 1156.11
2086223883180073 9 2021 261 969.20
1971005474504159 10 2021 948 254.82
8653851104685128 5 2024 792 53.32
4905246612996904 4 2025 828 1473.93
6715591748772009 7 2020 897 1455.01
7491807240441467 7 2022 486 1175.95
9315071822210944 9 2022 795 81.06
8025682374251910 8 2023 564 8.67
6131652001069862 10 2021 124 480.59
3438057089649074 8 2020 422 34.33
2995208360459540 8 2024 331 277.01
3877378513683099 2 2022 824 948.17
3076017932151272 9 2024 843 1237.29
4304277307198668 8 2021 126 675.90
2557194397096961 3 2024 811 1116.22
8023189958565511 11 2022 760 571.42
2100041681043647 7 2024 165 207.73
6829137684531556 11 2025 499 1212.52
4412275281288497 6 2021 290 307.20
1682809405998347 9 2024 317 931.75
9668356669050852 6 2025 725 407.09
6361154298573046 1 2022 766 949.28
3877891644099510 6 2024 762 1286.52
9162899228768674 7 2023 399 1204.38
6855834925019122 1 2020 505 1399.70
3680326093325541 2 2020 222 991.18
4597911867111435 4 2022 498 1146.57
5622625236845579 8 2022 680 94.57
3597035986650043 9 2023 377 170.35
8291420249181526 10 2025 969 764.88
6823044843032596 7 2022 197 1034.48
6849432887728868 4 2021 236 73.28
2211802012456056 4 2024 526 403.19
7872987954307364 4 2023 625 790.33
7509486520789345 10 2021 486 610.75
6518779695221825 4 2023 887 1073.51
1758053668214331 11 2023 678 1023.38
3018249886535791 2 2022 892 165.97
6758755593304711 9 2023 476 304.32
2274764510697480 7 2021 720 789.23
5926855553734343 9 2024 127 1423.36
7224413572541293 9 2021 590 1399.29
9469883761974762 12 2021 704 1476.55
6559941588490859 11 2024 738 1199.95
7065008723382146 9 2022 905 63.94
4993277407344897 3 2021 173 670.65
7812969292927067 4 2025 296 263.88
5622625236845579 8 2022 680 8.40
1407163384683248 6 2021 735 484.72
9713610074733680 9 2025 735 1499.40
2011004530972206 8 2021 953 1240.87
9337045902105610 7 2022 767 834.74
3474389179662805 11 2022 544 589.21
5035401661704232 10 2021 443 1393.66
4001542772747522 4 2025 377 904.03
9241237976636652 8 2025 813 968.58
6802484282419954 2 2023 921 364.03
4092435704494901 7 2025 320 1119.56
9356585166049433 7 2021 165 520.13
2263803132738865 5 2021 496 663.58
3491271170388674 4 2022 118 349.90
5022814505466711 7 2025 658 805.67
2675379951004727 9 2020 533 36.11
3504312453551628 3 2023 678 967.94
9836832941941411 12 2024 423 257.15
6536035065180630 10 2024 306 113.64
2120054489698976 11 2021 693 426.77
3400046836144124 3 2024 518 366.49
4137500172043374 3 2023 627 766.79
5764245105465991 8 2023 468 518.71
1653946710377865 8 2024 500 1186.81
2874497699764979 11 2021 402 1213.25
5474430467351061 3 2021 780 242.08
5360228744822722 3 2022 812 689.86
2011004530972206 8 2021 953 995.33
7260874243050881 7 2025 822 1092.50
2995208360459540 12 2024 331 1001.27
7309774599700954 10 2023 221 208.35
8192135686888498 12 2022 847 1404.53
7606944690025993 5 2025 356 296.28
9349803213562911 7 2020 826 1235.20
3572730014813149 5 2023 357 523.57
4993277407344897 3 2021 173 288.50
6131652001069862 10 2021 124 598.96
7316993977974107 3 2021 556 695.38
5356961588830249 6 2024 819 508.65
8422546373156271 8 2023 622 1088.23
7253646206998953 2 2021 814 53.93
7922788176874598 6 2022 463 680.24
9093972464455688 4 2025 194 833.96
2457634508540039 8 2022 116 839.51
3373536028937588 9 2022 905 964.95
7977167110827077 1 2022 245 783.07
5872124978658604 7 2022 504 474.64
9074126600223942 12 2024 482 969.51
5603004286352951 12 2021 929 1058.90
3959970769863130 9 2021 636 774.62
1672814089276793 9 2023 662 707.41
4690356196389653 6 2025 460 864.76
5458047977520854 10 2025 813 1248.98
9836832941941411 12 2024 423 847.78
2641661042235639 11 2024 680 767.33
6128173310036140 5 2021 109 1324.50
8786873500669575 1 2022 343 170.59
6376311010696964 9 2021 692 679.88
3535850851975561 11 2025 290 910.11
9495744950144718 9 2025 732 418.88
9093860587184794 6 2025 756 1058.67
2312643186110094 8 2020 163 1072.83
8797387672393938 12 2023 962 198.30
8035144545872096 6 2021 384 781.51
4806476694630600 11 2025 114 557.23
1758426545298835 5 2020 723 1111.16
8870667077917880 4 2025 743 235.41
1394840472424433 10 2025 498 713.53
9721318888460247 8 2022 678 929.18
8575150384896047 2 2023 279 1389.01
3401599257566949 4 2020 490 373.54
1423449912034452 2 2023 993 589.12
3394325106992392 12 2021 946 517.12
7348087813353500 10 2024 173 84.30
8644936531605365 8 2020 491 562.79
7172740974239697 12 2023 539 778.83
1395514023208772 3 2025 300 1187.07
7842961944743873 8 2020 202 1486.71
3695241974271990 8 2024 529 956.93
9721318888460247 2 2022 678 544.17
7956582779167177 8 2022 212 956.29
4282620694613830 4 2024 893 985.61
7172740974239697 12 2023 539 66.42
3357151596716932 8 2025 312 1266.41
4707866140218939 4 2022 257 352.23
3580593126176433 8 2023 598 1221.74
6593222575657927 12 2025 199 670.52
9186764389827324 8 2025 621 1323.72
1919623682629135 10 2023 721 561.43
3642244432503312 1 2022 656 856.98
3036037835009386 10 2023 180 1476.67
2315841431319273 4 2021 242 436.29
6998847524591484 8 2025 883 1027.89
7316993977974107 3 2021 556 974.41
6661526880315426 4 2025 630 363.97
9356585166049433 7 2021 165 1299.76
4780887906141560 8 2020 216 820.09
2484748980519346 7 2022 366 40.98
2120054489698976 11 2021 693 1135.30
7210864743622225 11 2025 749 1093.45
3293863032435183 5 2021 378 1295.63
3580593126176433 8 2023 598 1436.44
6661526880315426 4 2025 630 669.20
5349347105716478 5 2025 467 1306.63
2641661042235639 11 2024 680 894.64
5207206227700360 10 2024 981 735.85
9479854434706518 10 2023 913 1231.42
2539093967693876 2 2024 158 229.11
1395514023208772 3 2025 300 109.61
1295016857755098 4 2023 194 1284.32
7573143291524531 5 2022 560 1207.62
8232399022432106 9 2023 873 203.27
8777717791677513 9 2021 370 108.60
5147813589500962 4 2022 305 166.57
1647078056810656 10 2023 324 338.84
2160731555477661 12 2025 204 1393.09
8783521978226805 8 2025 478 205.55
7641024585974328 7 2020 694 325.74
7824461368096169 1 2020 158 1234.49
3152657890550354 10 2020 993 155.34
3210217578500466 9 2025 584 368.02
1647078056810656 10 2023 324 462.78
3576045522839100 12 2020 287 441.61
9113250357588937 4 2025 822 974.42
8465423797080217 3 2024 993 77.61
9387619908798027 7 2021 328 185.59
7057933137847941 9 2025 416 1453.26
6572382031253380 2 2021 280 516.75
2165393529988380 10 2022 762 1014.86
4353641575109022 10 2025 638 161.46
8166437742125697 2 2022 478 548.83
8023189958565511 3 2022 760 37.32
5573595210402166 11 2024 288 1072.52
2281120833637356 9 2024 909 1497.10
2351386096350976 11 2025 748 1373.75
5675457708893912 9 2023 749 395.82
5731457084814028 10 2025 678 175.51
3667552856826771 5 2023 339 1112.45
2358876368223717 10 2025 157 643.96
8490370157308561 11 2025 613 541.92
3293863032435183 5 2021 378 1181.26
2399089809785638 12 2024 132 1271.91
4399588020585916 8 2021 821 252.96
2863968219241621 6 2024 313 453.01
2160731555477661 12 2025 204 384.46
6980693515312659 5 2020 491 1340.26
6417975677480797 8 2020 378 163.65
7991075947537027 10 2020 267 422.98
8777717791677513 9 2021 370 869.25
2400616255919150 10 2023 926 559.85
5207206227700360 10 2024 981 204.65
6144336881177657 6 2022 745 789.52
8325183725826821 3 2020 246 193.65
3152657890550354 10 2020 379 1098.88
7121353985058659 4 2021 263 1063.42
8942353412923517 6 2025 810 1121.52
3895988045935589 9 2023 174 23.34
3348825355420473 4 2020 918 706.12
9050680550714237 11 2024 389 1372.66
4414016262234981 8 2023 396 646.68
1547737990441409 8 2022 738 450.19
3474389179662805 11 2022 544 137.80
3246820837999788 7 2022 515 284.12
6849432887728868 4 2021 236 8.17
4895250303884511 12 2022 554 195.89
5770948355293932 5 2025 356 1373.18
2343939583054723 4 2024 972 397.81
6565823806021884 2 2025 686 949.61
5449463278444832 10 2021 167 442.61
7184399896693045 4 2024 654 1154.29
6073513056397450 8 2020 508 62.54
6302766653870099 5 2025 249 736.91
4285761527709851 2 2022 432 637.05
9255325320732109 3 2025 497 990.00
7573143291524531 5 2022 560 952.81
7253646206998953 2 2021 814 1047.48
1695206254797199 1 2020 540 1316.61
4175816606929260 11 2024 968 688.33
3877378513683099 2 2022 824 961.74
1955536560388312 8 2021 622 38.71
1493003987814845 7 2024 306 1325.24
9186764389827324 8 2025 621 257.03
2002321821118066 12 2021 452 146.08
4355022488135272 12 2022 371 340.61
8708295311570112 7 2025 115 150.39
8708295311570112 7 2025 115 182.63
7641024585974328 7 2023 694 1481.41
8575150384896047 2 2023 279 128.41
1423449912034452 2 2023 993 506.57
3535850851975561 10 2020 290 848.47
9387619908798027 7 2021 328 700.25
8438528063119204 4 2021 357 1136.23
7961588083109518 12 2021 893 849.35
2181680654436896 6 2025 215 178.22
9031242085019452 11 2025 436 1408.52
2637799094670838 8 2022 721 1232.18
6131652001069862 10 2021 124 1215.30
8115866632135289 8 2025 614 199.41
5005381799887116 4 2025 669 20.81
5022814505466711 7 2025 658 218.89
2293957904918881 10 2022 646 408.66
1728630262588016 2 2025 444 1370.43
9495744950144718 9 2025 732 1142.61
9050680550714237 11 2024 389 1124.74
1407163384683248 6 2021 735 1121.94
3378385889713427 2 2022 953 439.29
8708295311570112 7 2025 115 974.30
3394325106992392 12 2021 946 570.48
8797387672393938 12 2023 962 154.58
7224413572541293 9 2021 590 118.38
9999280219663873 1 2020 575 156.30
7605851955350709 3 2024 667 562.77
1682809405998347 9 2024 317 627.84
9047887953104835 6 2024 342 52.13
6536035065180630 10 2023 306 450.68
8411949179940241 2 2024 957 935.65
6025970298076173 2 2022 525 305.60
7878394295336311 10 2021 781 895.39
9556480959092547 5 2024 133 580.06
9734127816879799 7 2020 345 1370.69
6903454374732955 9 2024 697 157.86
7316993977974107 3 2021 556 1310.90
5661281731658608 2 2020 381 1371.86
2167810398759219 3 2022 387 1023.55
6661526880315426 4 2025 630 1115.07
5773575909559946 4 2025 828 1413.24
8346599117056475 2 2021 367 570.32
8490370157308561 11 2025 613 652.12
7068819894625401 3 2023 377 1000.96
3011360225048459 1 2021 343 1455.15
3713506824740720 9 2020 241 585.24
6423123583068681 6 2020 332 231.38
9315071822210944 9 2025 795 114.93
6376311010696964 9 2021 692 602.99
5533523890903546 4 2024 983 1446.76
2484748980519346 7 2022 366 517.26
5251866173289176 5 2020 877 664.49
2745855376668071 11 2022 530 88.30
9356585166049433 7 2021 165 1207.02
2557194397096961 3 2024 811 250.10
9771120262898901 5 2020 894 1391.99
7127988943235602 7 2024 700 1288.27
9274257728791535 8 2021 386 1242.98
8575150384896047 2 2023 279 495.56
2820576718007333 8 2025 917 871.14
7267596014210453 12 2025 154 20.55
6319170011856937 2 2024 997 706.47
6259680911530627 4 2021 833 65.62
5973063335291723 11 2024 457 447.59
6666361516706850 11 2021 437 964.15
5449463278444832 12 2021 167 238.09
8035144545872096 6 2021 384 314.53
5949948722193107 12 2024 370 144.23
6814749432093599 4 2023 646 619.28
5360228744822722 6 2022 812 249.63
2670377193876314 6 2025 625 1265.47
2623298221987210 9 2024 697 893.38
9447397882274939 4 2021 411 201.63
4635277392640394 11 2025 396 1006.97
6376311010696964 9 2021 692 525.10
9804599766788789 10 2025 307 590.99
1317498052320045 4 2020 803 249.20
9425239979143986 3 2025 938 47.17
9186764389827324 8 2025 621 635.04
6864964506568163 3 2023 231 975.71
2507788739953326 12 2021 587 66.95
7528857331217852 9 2024 600 268.92
8150821654100150 5 2024 514 958.00
8926352657103806 12 2020 562 717.45
8970852485433339 12 2022 577 1451.25
8059338828989999 1 2023 437 443.23
6536035065180630 10 2023 306 1429.16
9162899228768674 7 2023 399 517.07
3877378513683099 2 2022 824 1000.83
5926855553734343 9 2024 127 1157.22
9469883761974762 12 2021 704 850.17
6130905237555763 12 2022 337 701.16
3910289604232226 12 2023 825 961.68
4428698161861618 8 2023 521 755.11
5661281731658608 2 2020 381 1226.99
1955536560388312 8 2021 622 174.66
6834347748053696 4 2023 673 1036.15
5449463278444832 12 2021 167 754.08
4835693778547000 9 2022 183 307.65
8468325114744843 12 2021 893 1180.67
9479854434706518 10 2023 913 1350.53
5533523890903546 4 2024 983 1297.31
4674739133123804 3 2021 896 156.32
8970852485433339 12 2022 577 770.20
9687850034693828 3 2025 552 246.87
8023189958565511 11 2022 760 72.96
3504312453551628 3 2023 678 517.10
2454715531187379 6 2025 357 784.03
2086223883180073 9 2021 261 758.11
8633588059878266 2 2024 386 1244.88
4001542772747522 4 2025 377 1253.02
9549712160180465 3 2020 171 842.50
8783521978226805 8 2025 478 718.28
6138798377790495 1 2024 952 41.97
3246820837999788 7 2022 515 363.40
1423449912034452 2 2023 993 1477.78
9255325320732109 3 2025 497 1078.20
9241237976636652 8 2025 813 21.49
6073513056397450 8 2020 508 491.32
9479854434706518 10 2023 913 126.73
6128173310036140 5 2022 109 984.13
4916860779375245 5 2020 273 1467.54
9113327698703498 7 2020 388 1195.71
9165085102936610 9 2025 481 539.71
3980999521026879 7 2023 629 837.15
9791110992348800 8 2020 172 619.37
3917593792453179 11 2025 869 72.28
9804599766788789 10 2025 307 1476.73
2863968219241621 6 2024 313 1195.85
1919623682629135 10 2023 721 1393.86
6758755593304711 9 2023 476 695.79
4507214337134267 1 2021 909 695.99
2454715531187379 6 2025 357 527.96
4746101752259798 10 2020 985 829.87
7762648491715204 7 2022 849 883.41
7573701607260459 5 2021 499 283.53
5379787452073935 6 2023 936 153.33
6572382031253380 2 2021 280 1156.77
1394840472424433 10 2025 498 405.27
8115866632135289 8 2025 614 784.75
2687857920342162 5 2020 793 944.75
6274139747396334 5 2023 482 268.56
3580593126176433 8 2023 598 697.77
9186764389827324 8 2025 621 1362.87
4129626948815956 12 2024 299 216.64
5770948355293932 5 2025 356 1337.05
8923588080030552 6 2024 117 1254.07
5731499110113591 3 2022 313 978.41
5349347105716478 5 2025 467 1148.24
4805235722526817 1 2020 802 149.32
9388842952282302 11 2023 161 165.43
9662568101908996 3 2024 818 514.39
6834347748053696 4 2023 673 819.48
4152422719394304 7 2022 554 1293.97
5251866173289176 5 2020 877 1133.06
1955536560388312 8 2021 622 1471.51
7978526481659333 7 2024 855 46.64
4416289647767317 10 2025 655 558.39
7003459953004308 6 2023 156 1416.23
9109408899505403 8 2024 648 1137.66
6969168569796082 10 2024 816 1392.17
3958120877298466 3 2021 418 771.83
5035401661704232 10 2021 443 1339.47
4746101752259798 10 2020 985 1051.74
6274139747396334 5 2023 482 1467.11
8708295311570112 7 2025 115 913.83
6327195193036350 9 2024 256 1302.42
5457484730880316 4 2023 127 1489.86
6610468002884678 1 2021 414 128.43
7978526481659333 7 2024 855 604.45
9162899228768674 7 2023 399 690.14
5527238167597356 11 2023 217 163.48
3077636284294469 10 2025 278 1144.05
4859989477016162 10 2021 791 726.12
8797387672393938 12 2023 962 714.12
6377999191916273 12 2024 482 162.56
7778309600811588 5 2020 895 863.98
4428698161861618 8 2023 521 198.15
2315841431319273 4 2021 242 1129.05
9255325320732109 11 2025 497 798.53
9716930837397684 3 2024 700 1369.27
7964149405784190 3 2023 452 791.26
7068819894625401 3 2023 377 372.80
1758053668214331 11 2023 678 372.09
8059338828989999 1 2023 284 691.32
7678201278912066 4 2023 408 85.44
9425239979143986 3 2025 938 1373.65
6047657644616829 7 2022 799 1098.40
1702042901653372 9 2025 201 433.34
5944031429006857 5 2022 447 1102.16
8608407457679610 8 2020 832 1101.72
5752593828688050 12 2023 696 50.17
4137500172043374 3 2023 627 1115.34
6907251481722230 9 2023 544 98.92
3877378513683099 2 2022 824 579.83
5356961588830249 6 2024 819 564.47
9093860587184794 6 2025 756 1482.86
4318498643781604 12 2024 554 252.40
8115866632135289 8 2025 614 415.94
7309774599700954 10 2023 221 25.99
6025970298076173 2 2022 525 616.05
9873160591561516 7 2023 618 701.92
3389895884173070 3 2021 556 1330.54
6367666737767463 10 2023 504 1012.57
4545399939009633 6 2024 244 771.33
1523155479071083 1 2021 947 162.65
9748038819331085 7 2022 980 1336.70
6062811545410458 3 2020 800 704.56
5325700867389538 4 2020 676 41.31
2948102193836667 6 2024 511 132.62
6573803765864854 9 2024 552 589.43
8346599117056475 2 2021 367 849.84
7641024585974328 7 2023 694 905.88
8113468054104876 7 2020 992 169.47
6855834925019122 1 2020 505 886.87
1384252218223451 5 2022 829 240.90
4236416790268466 2 2024 791 1248.73
3077636284294469 10 2025 278 551.15
8942353412923517 6 2025 810 730.61
3348825355420473 4 2020 918 977.71
8490370157308561 11 2025 613 13.61
6715591748772009 7 2020 897 440.47
3980999521026879 7 2023 629 1202.67
3015557765757954 4 2022 519 1199.28
1793772787484007 5 2022 877 373.73
7127988943235602 7 2024 700 648.46
6062811545410458 3 2020 800 1438.47
7528857331217852 9 2024 600 315.16
7878394295336311 10 2021 781 1373.03
6814749432093599 4 2023 646 1253.39
7812969292927067 4 2025 296 1190.36
6288578177500101 2 2022 216 770.35
4532375314377647 2 2020 195 1480.00
3233230582884732 7 2025 500 451.72
1621237398475364 11 2020 941 164.23
4321144227296654 9 2020 412 991.24
9315071822210944 9 2022 795 967.00
7816670453279253 4 2023 550 862.74
5540036337963258 11 2022 467 366.33
5830458916112232 1 2024 906 1355.75
8779627971227766 4 2021 629 439.52
3789600065233220 1 2024 271 1055.99
3123334630133922 6 2021 667 957.26
3504312453551628 3 2023 678 365.76
3713506824740720 9 2020 241 441.69
5443145807381587 3 2023 468 446.44
2548747513726866 9 2021 646 1005.31
1971005474504159 10 2021 948 1320.66
8346599117056475 2 2021 367 597.92
1468114819191183 9 2020 971 1209.69
2670377193876314 6 2025 625 65.74
6049083694089091 5 2023 894 231.97
1866046251475425 4 2021 927 1058.98
3007451414096099 10 2020 881 38.20
1547737990441409 8 2022 738 1347.33
8970852485433339 12 2022 577 1301.12
1423449912034452 2 2023 993 1142.69
9315071822210944 9 2022 795 1390.04
2281120833637356 9 2024 909 557.30
7964149405784190 3 2023 452 822.15
8360953632079831 12 2025 484 1483.50
2265067826473092 3 2024 826 1223.23
6969168569796082 10 2024 816 351.70
2151944489613713 2 2024 638 637.15
2557194397096961 3 2024 811 102.15
2011101149535393 12 2024 206 389.23
7606995111179208 9 2024 256 842.82
9125179564715603 3 2025 399 197.12
6573803765864854 9 2024 552 1217.49
7434322332718177 9 2020 692 148.96
8491806033531174 6 2022 176 409.81
2211802012456056 4 2024 526 14.31
7678201278912066 4 2023 408 65.60
7504927285750086 11 2024 911 86.94
7224413572541293 9 2021 590 16.84
5958917034128601 12 2024 378 567.05
9999280219663873 1 2020 575 832.94
5675457708893912 9 2023 199 1342.52
2637799094670838 8 2022 721 1411.74
3282938993127494 1 2025 203 1343.73
4823262226914434 5 2020 528 137.79
7573701607260459 5 2021 499 651.11
2084976452601670 5 2021 496 726.36
5053731697244874 12 2020 269 563.12
3216739356423921 3 2021 639 651.56
7079404069423589 10 2025 900 503.72
9873160591561516 7 2023 618 72.01
3152657890550354 10 2020 379 966.52
8533026785311516 9 2024 859 491.81
5364212463954344 11 2025 499 587.47
3373536028937588 9 2022 905 1052.78
1682809405998347 9 2024 317 1307.38
5608485754816256 1 2022 801 688.17
8355094055590706 5 2024 274 1276.68
6834347748053696 4 2023 673 1499.01
6565823806021884 2 2025 775 119.42
4053774514308421 7 2020 916 356.28
8166437742125697 2 2022 478 467.61
9687850034693828 3 2025 552 604.33
2151944489613713 2 2024 638 689.39
3212572951208805 10 2023 412 753.71
1758053668214331 11 2023 678 936.61
9454313991192897 11 2020 677 1362.15
7608536345954167 12 2021 246 328.08
3152657890550354 10 2020 379 227.73
8355094055590706 5 2024 274 930.40
4285761527709851 2 2022 432 710.52
7068819894625401 3 2023 377 1305.34
5661281731658608 2 2020 381 865.66
5557053282809471 5 2025 236 900.56
3582427033758761 2 2023 428 914.01
5251866173289176 5 2020 877 250.36
8779627971227766 4 2021 629 309.72
8753912708228254 9 2025 190 714.53
9125179564715603 3 2025 399 535.13
6903454374732955 9 2024 697 285.72
5183999077386903 9 2022 829 1000.29
1468114819191183 9 2020 971 78.65
5053731697244874 12 2020 269 1197.02
9050680550714237 11 2024 389 542.45
8783521978226805 8 2025 478 247.57
5617885357670483 12 2021 158 913.40
3439905862744159 9 2024 447 1121.51
9469883761974762 12 2021 704 253.08
7301387239610825 3 2022 797 372.05
9047698499433540 6 2021 943 715.90
9639614924742049 1 2021 218 938.51
7224413572541293 9 2021 590 1494.93
2463035763711713 1 2022 492 679.97
6205654775725580 12 2024 606 1399.39
7812969292927067 4 2025 296 83.65
8955075646356095 4 2022 667 638.04
4835693778547000 9 2022 183 945.38
2817075796921142 1 2025 521 655.89
9784596194350099 4 2025 461 329.36
4507214337134267 1 2021 909 1304.41
2211802012456056 4 2024 480 888.84
2151944489613713 2 2024 638 800.30
4746101752259798 10 2020 985 1230.41
9113327698703498 7 2020 388 503.65
1758053668214331 11 2023 678 1125.04
5325700867389538 4 2020 676 1429.38
7003459953004308 6 2023 156 470.03
9721318888460247 2 2022 678 1008.80
2315841431319273 4 2021 242 129.02
6361154298573046 1 2022 766 1380.50
8885513263594574 2 2020 984 96.35
2210421658247431 10 2024 677 1318.78
5944031429006857 5 2022 447 89.99
4137500172043374 3 2023 627 755.61
2641661042235639 11 2024 680 1342.04
3535850851975561 11 2020 290 1088.13
2754789704361273 2 2022 951 1416.01
5958917034128601 12 2024 378 762.55
7461238108431657 2 2020 574 1091.35
6855834925019122 1 2020 505 37.35
1486433139189945 10 2023 266 1472.19
4094445450367852 2 2023 280 1367.02
5379787452073935 6 2023 987 1251.34
7532172050559491 10 2021 516 1383.67
9567594751911649 4 2025 425 1206.41
6446479341914654 1 2023 405 959.01
2151944489613713 2 2024 638 729.96
4674739133123804 3 2021 896 1131.78
1955536560388312 8 2021 622 700.65
5476324382997379 5 2020 886 1181.81
7121353985058659 4 2021 263 1227.14
5349347105716478 5 2025 467 196.91
9734127816879799 7 2020 345 420.00
8626263375646575 5 2023 193 1237.27
1561840516265161 5 2022 461 184.42
1295016857755098 4 2023 194 195.12
3394325106992392 12 2021 946 769.63
2783273281940165 3 2022 861 258.45
4304277307198668 8 2021 126 480.11
6138798377790495 1 2024 952 790.86
7058318589796339 8 2025 283 1012.26
5251866173289176 5 2020 877 1417.15
9113327698703498 7 2020 388 903.63
3695241974271990 8 2024 529 20.96
5117870569032270 11 2022 224 633.16
6131652001069862 10 2021 124 281.06
4959146455030987 2 2020 744 10.54
6128173310036140 5 2022 109 1207.56
5474430467351061 3 2021 780 125.61
6062811545410458 3 2020 800 447.35
8291420249181526 10 2025 969 131.77
6823044843032596 7 2022 742 89.66
7999976273711316 11 2022 532 1205.19
4369271191433773 9 2022 976 1433.86
3772975724340980 1 2025 402 827.47
6319170011856937 2 2024 997 1307.57
1423449912034452 2 2023 993 1188.27
4101501138060906 5 2025 344 1241.13
6400014180288204 8 2024 361 133.01
6168583096233739 1 2025 114 924.49
9294934584851831 9 2021 678 1308.45
9873160591561516 7 2023 618 1363.43
3089572860210907 8 2022 988 1206.84
1509920444392793 9 2024 993 574.81
7026700394348350 3 2024 624 47.14
8232399022432106 9 2023 873 378.83
4835693778547000 9 2022 691 600.57
6491169898097931 11 2025 665 1465.99
7831447374156126 3 2025 952 635.10
2167810398759219 3 2022 387 1380.29
1653946710377865 8 2024 500 905.46
6082666695856314 11 2023 946 1121.31
6758755593304711 9 2023 476 857.25
6998847524591484 8 2025 883 979.48
7064745600294651 8 2021 192 1350.67
3576045522839100 12 2020 287 25.04
5939600848642140 4 2022 639 596.06
5767030562642501 9 2023 410 1381.99
7816670453279253 4 2020 550 1082.61
8793383614786380 7 2023 709 377.09
5617885357670483 12 2021 158 643.13
8411949179940241 2 2024 957 13.35
9968691976715202 11 2023 876 303.62
9047887953104835 6 2024 342 1349.31
7961588083109518 4 2021 893 255.98
2754789704361273 2 2022 951 1343.29
3504312453551628 3 2023 678 63.51
6014638555153377 12 2022 129 897.93
4887228361279987 7 2025 151 417.68
9836832941941411 12 2024 423 1459.01
2155159890321388 3 2022 475 1223.48
8490370157308561 11 2025 613 1084.05
2557194397096961 3 2024 811 1058.86
6855834925019122 1 2020 505 608.80
4823262226914434 5 2020 528 86.64
7127295147280921 9 2024 747 330.87
5948171411040815 2 2024 391 595.88
7068715990958300 12 2023 371 1283.44
6337175120471777 2 2025 791 1465.21
9425239979143986 3 2025 938 361.71
1254516913788914 11 2020 620 1282.97
9050680550714237 11 2024 389 1075.38
6048495836369614 10 2021 974 1235.34
4993277407344897 3 2021 173 1241.73
5949948722193107 12 2024 370 1394.39
9113250357588937 4 2025 822 696.26
2210421658247431 10 2024 677 538.06
5731457084814028 10 2025 678 482.96
2197148069814855 9 2021 564 510.37
2733054262594160 3 2022 934 890.70
9897728540681060 8 2022 988 1402.27
4835693778547000 9 2022 183 774.30
3348825355420473 4 2020 918 236.13
5852022199905146 9 2020 374 1446.56
3966625807146167 6 2021 971 923.07
3018249886535791 2 2025 892 739.28
3667552856826771 5 2023 339 803.11
5948171411040815 2 2024 391 916.63
3526256473095683 11 2021 598 1432.60
3320145871821681 11 2020 726 26.93
7121353985058659 4 2021 263 705.44
5573595210402166 11 2024 288 682.73
1962528476541465 10 2023 534 750.02
6062811545410458 3 2020 800 335.40
5393836295680598 7 2022 849 571.56
3982347756747671 12 2021 608 364.65
9711783594006112 5 2023 461 710.92
8210991108919120 12 2021 137 378.24
4282620694613830 4 2024 893 788.01
6367666737767463 10 2023 504 154.69
2507788739953326 12 2021 587 1182.11
6174927680045919 10 2020 800 672.81
5603004286352951 12 2021 929 423.96
5603004286352951 12 2021 929 223.98
3293863032435183 5 2021 378 336.60
6011703571146919 3 2025 145 216.85
4676627614424203 3 2024 181 21.73
8453212819697740 10 2024 755 278.21
9125179564715603 3 2025 399 635.12
2772218026722784 1 2021 747 776.29
6573803765864854 9 2024 552 127.97
1793772787484007 5 2022 449 1432.47
9642797610627281 10 2021 688 742.49
6159228119779440 3 2020 380 332.63
3373536028937588 9 2022 905 250.05
5533523890903546 4 2024 983 69.86
2293957904918881 2 2022 646 494.32
5458047977520854 10 2025 813 1023.71
3980999521026879 7 2023 629 988.68
8955075646356095 4 2022 667 1226.74
2265067826473092 3 2024 826 277.32
1395514023208772 3 2025 300 1123.51
4053774514308421 7 2024 916 1463.82
3293863032435183 5 2021 378 1067.32
7842961944743873 8 2020 202 1381.49
6802484282419954 2 2023 921 331.09
1618803927329423 9 2022 960 720.04
6969168569796082 10 2024 816 895.26
4988162397259374 6 2022 237 1041.17
8970852485433339 12 2025 577 283.35
6106982377971976 5 2021 173 670.28
6130905237555763 12 2022 337 456.04
8820614451386702 5 2020 691 978.37
3036037835009386 10 2023 728 180.85
9045969808879012 1 2025 305 1380.79
2281120833637356 9 2024 909 1449.20
4282620694613830 4 2024 893 128.78
9288761886614460 11 2021 572 552.85
2912189539620415 2 2021 620 277.37
8166437742125697 2 2022 478 587.51
5047416245658706 4 2020 302 172.81
8744498681438615 10 2023 300 383.66
5939600848642140 4 2022 914 1108.61
7606765786952947 1 2025 739 1230.72
4092435704494901 7 2025 320 455.34
7223525067043025 6 2023 163 207.24
9473857167406988 12 2023 224 563.94
6855146194493042 7 2022 182 867.58
3735395271656162 3 2022 475 1117.53
1240880831957143 6 2023 533 768.56
6128173310036140 5 2022 109 710.74
7627789411569756 11 2025 896 1256.97
3582427033758761 2 2023 428 391.28
8923588080030552 6 2024 117 991.02
8542998835717350 2 2023 161 253.50
8648177366944255 9 2021 823 49.07
9687850034693828 3 2025 552 1158.16
1527352441489634 4 2021 658 1483.15
4152422719394304 7 2022 554 250.25
9791110992348800 8 2020 172 479.01
7127295147280921 9 2024 747 248.05
2343939583054723 4 2024 972 1474.96
6855834925019122 1 2020 505 831.70
1481450219020424 2 2021 728 1331.94
5047416245658706 4 2020 302 1283.76
3932282583420962 4 2020 572 731.03
6573803765864854 9 2024 552 244.17
5872124978658604 7 2022 504 855.10
6205654775725580 12 2024 606 855.58
8422546373156271 2 2023 622 458.46
4125600211865998 12 2023 968 1102.62
6106982377971976 5 2021 173 196.35
2181680654436896 6 2025 215 556.11
7026700394348350 3 2024 624 899.33
8249797354675425 10 2025 319 227.55
3535850851975561 11 2020 290 1419.06
5248731775899776 7 2022 289 275.42
9093860587184794 6 2025 756 928.27
3395500863614510 11 2021 697 550.17
4859989477016162 10 2021 791 263.19
2197148069814855 9 2021 564 118.01
2637799094670838 8 2022 721 348.56
9954655223600240 5 2024 193 766.43
8325183725826821 3 2020 246 1146.47
7605851955350709 8 2024 667 41.82
8585604595687889 5 2020 332 252.96
3582427033758761 2 2023 428 674.64
4923426919633405 2 2025 278 210.25
1547737990441409 8 2022 738 1028.91
3789600065233220 1 2021 271 1228.66
2377967451473797 12 2020 324 1206.64
8797387672393938 12 2020 962 918.05
6967455280636983 9 2025 871 1440.70
2011004530972206 8 2021 953 544.22
2358876368223717 10 2025 157 1226.62
8575150384896047 2 2023 279 831.19
7064745600294651 8 2021 192 691.33
7348087813353500 10 2024 173 454.98
3293863032435183 5 2021 378 713.20
5356961588830249 6 2024 819 1101.83
3457897986887580 5 2025 656 115.81
1955536560388312 8 2021 622 706.10
6823044843032596 7 2022 742 1143.09
7113580191273969 7 2023 251 387.74
7215867061351150 6 2022 518 101.16
6855834925019122 1 2022 505 1391.58
6376311010696964 9 2021 692 343.05
9734127816879799 7 2020 345 1326.14
4236416790268466 2 2024 791 1397.54
2927208179787123 9 2025 643 527.53
5661281731658608 2 2020 381 984.19
3324768891279888 5 2023 115 511.86
7106060149567925 7 2021 848 1223.03
7184399896693045 11 2024 654 1164.58
9113250357588937 4 2025 822 943.21
5047416245658706 4 2020 302 1340.91
1621237398475364 11 2020 941 325.89
6073513056397450 8 2020 508 142.61
5007689171518410 8 2025 693 1064.32
1499973358527867 7 2024 543 626.74
7514521167050018 6 2024 981 575.41
1258241194610152 3 2023 507 483.23
4967222119950185 1 2022 992 1310.71
2228698128155174 12 2025 680 1166.72
4905246612996904 4 2025 828 17.57
7678201278912066 4 2023 408 190.01
7681687986836566 1 2023 740 404.42
2293957904918881 2 2022 646 862.38
2454715531187379 6 2025 357 820.85
6401091966741605 2 2021 907 24.03
5364212463954344 11 2025 499 590.30
7573143291524531 5 2022 560 1219.70
5731457084814028 10 2025 678 109.45
3959970769863130 9 2021 636 661.01
4412275281288497 6 2021 290 598.03
4643382330939809 9 2025 495 1280.23
6661526880315426 4 2025 630 1284.43
2912189539620415 10 2021 620 1077.35
6130905237555763 12 2022 337 1120.74
4412275281288497 6 2021 290 1486.02
9687850034693828 3 2025 552 34.42
3121707051422399 7 2023 235 1444.57
5393836295680598 7 2022 574 1019.87
9999384575708793 3 2025 436 784.09
1676129638424850 8 2023 168 234.02
8608407457679610 8 2020 832 1392.46
9668356669050852 6 2025 725 5.95
6138798377790495 1 2024 952 1174.20
6715591748772009 7 2020 897 1014.45
3680326093325541 2 2020 222 298.61
4399588020585916 8 2021 821 797.04
3297214435517124 5 2021 695 370.20
6073513056397450 8 2020 508 227.83
3457897986887580 5 2025 656 1451.10
2827688812383065 3 2023 333 374.70
7839324435584364 9 2025 283 360.20
4805347990529196 11 2025 681 960.72
5973063335291723 11 2024 457 170.04
5622625236845579 8 2022 680 1277.72
2069029469067099 3 2020 210 732.01
8744498681438615 10 2023 300 1385.51
8708295311570112 7 2025 115 733.60
8797387672393938 12 2023 962 682.63
5356961588830249 6 2024 819 631.06
6400014180288204 8 2024 361 360.98
7641024585974328 7 2023 694 879.17
1391725543005258 6 2022 976 540.59
3695241974271990 8 2024 529 843.12
6423123583068681 6 2020 332 949.79
5930727335267941 6 2023 696 1302.54
8405722956681384 4 2023 676 514.12
6825202151384879 8 2024 647 842.69
9263337298261541 2 2022 123 45.25
9349803213562911 8 2020 826 1442.29
7779789937100010 11 2020 880 103.23
3018249886535791 2 2025 892 1219.41
8542590981305638 4 2022 595 747.51
7805494821496157 5 2023 696 944.13
3007451414096099 10 2020 881 1195.80
1702042901653372 9 2025 201 333.18
7068819894625401 3 2023 377 924.61
7215867061351150 6 2022 518 495.15
2675379951004727 9 2020 533 202.48
1971005474504159 10 2021 948 113.36
6125542419656517 4 2023 122 1276.18
6138798377790495 1 2024 952 597.15
8438528063119204 4 2021 357 1489.23
9856075708633976 2 2022 525 530.12
2399089809785638 12 2020 132 685.33
1423449912034452 2 2023 993 541.42
1749736544474424 2 2021 615 855.70
5948171411040815 2 2024 391 679.28
5005381799887116 4 2025 669 623.33
4137500172043374 3 2023 627 49.87
6361154298573046 1 2022 766 1232.60
9162899228768674 7 2023 399 1461.58
8314610673188609 12 2020 397 676.22
7003459953004308 6 2023 156 359.35
5053731697244874 12 2020 269 948.92
9274257728791535 8 2021 386 1235.01
9495744950144718 9 2025 732 176.22
3282938993127494 1 2025 203 184.67
2703429247548995 5 2024 128 345.19
6125542419656517 4 2023 122 1130.34
2927208179787123 9 2025 643 219.29
4428698161861618 8 2023 521 261.75
3980288948922729 7 2023 457 1280.25
1317498052320045 4 2020 803 513.71
5640392130372290 4 2023 999 252.30
2351386096350976 11 2025 748 1109.40
1493003987814845 7 2024 306 971.00
3895988045935589 9 2023 174 500.87
5349347105716478 5 2025 467 524.99
8438528063119204 4 2021 357 1035.80
3373536028937588 9 2022 562 890.14
9977688733491610 2 2021 208 539.43
4399588020585916 8 2021 821 138.20
4507214337134267 1 2021 909 795.31
1394840472424433 10 2025 498 147.40
7309774599700954 10 2023 221 516.30
8465423797080217 3 2024 993 1318.27
9713610074733680 9 2025 735 412.81
3680326093325541 2 2020 222 787.36
4125600211865998 12 2023 968 344.04
1527352441489634 4 2021 658 676.43
4318498643781604 12 2024 554 456.81
8786873500669575 1 2022 343 782.55
7920046343788421 1 2021 661 1399.54
4676627614424203 3 2024 181 545.60
6666361516706850 11 2021 437 1054.35
9479854434706518 10 2023 913 1201.15
3642244432503312 1 2022 656 1379.22
4805347990529196 11 2024 681 919.70
4746101752259798 10 2020 985 464.48
3018249886535791 2 2025 892 678.98
7978526481659333 7 2024 855 1400.73
8575150384896047 2 2023 279 1318.82
2912189539620415 10 2021 620 421.41
6567924327725225 7 2021 517 83.38
4780887906141560 8 2020 216 472.93
1407163384683248 6 2021 735 114.99
1468114819191183 9 2020 971 1344.01
2337997047254938 3 2023 561 484.29
4905246612996904 4 2025 828 341.80
3980999521026879 7 2023 629 660.29
8023189958565511 11 2022 760 421.71
8783521978226805 8 2025 478 959.76
3772975724340980 1 2025 402 1303.17
9454313991192897 11 2020 677 1296.33
7461238108431657 2 2020 574 286.78
5876265460940657 2 2020 871 1369.07
9387619908798027 7 2021 328 199.77
5962321325893151 1 2021 162 518.35
4318498643781604 12 2024 554 71.48
6518779695221825 4 2023 887 925.09
4635277392640394 11 2025 396 210.20
3455455737999180 1 2025 774 1338.39
2160731555477661 12 2025 204 1014.63
8438528063119204 4 2021 357 1012.97
5661281731658608 2 2020 381 938.67
2641661042235639 11 2024 680 1447.86
5548781418151981 5 2023 696 719.64
3713506824740720 9 2020 241 736.93
3007451414096099 10 2020 881 1298.72
3737409542585125 12 2025 678 727.03
4129626948815956 12 2024 299 348.64
3320145871821681 11 2020 726 321.16
1468114819191183 9 2020 971 616.42
8633588059878266 2 2024 386 862.67
7277743823142657 6 2024 240 1295.22
6125542419656517 4 2023 122 150.62
7026700394348350 3 2024 624 959.81
6783628648590012 2 2025 956 438.50
7172740974239697 12 2023 539 1072.22
4369271191433773 9 2022 976 972.36
7155235895499875 6 2022 910 812.62
4428698161861618 8 2023 521 1342.70
6400014180288204 8 2024 361 24.28
1703710523154347 4 2024 771 66.97
5007689171518410 8 2025 693 310.56
2960709630136311 4 2020 634 431.08
7731177259723200 4 2022 498 628.40
8648955506069612 5 2020 802 738.88
2555071376067637 5 2020 780 1264.73
6361154298573046 1 2022 766 115.21
8923588080030552 6 2024 117 1455.98
1621237398475364 11 2020 194 133.39
5642880632959972 9 2025 614 1237.09
9140404973171567 12 2020 671 608.13
6814749432093599 4 2023 646 1060.66
5325700867389538 4 2020 676 1019.67
2457634508540039 8 2022 116 367.70
6128173310036140 5 2022 109 1468.11
7316993977974107 3 2021 556 977.17
4137500172043374 3 2023 627 386.86
3895988045935589 9 2023 174 828.39
7491807240441467 7 2022 486 814.93
5160283878930012 9 2024 447 90.11
4243836497095014 12 2024 253 1469.94
9220780631584681 1 2022 355 1285.30
8797387672393938 12 2023 962 401.11
1647078056810656 10 2023 324 1487.33
2165393529988380 10 2022 282 1451.42
6510606493374173 12 2020 982 230.04
6259680911530627 4 2021 833 858.37
1676129638424850 8 2023 168 741.69
6818769776360577 7 2022 466 547.40
6319170011856937 2 2024 997 1235.56
4236416790268466 2 2024 791 597.01
1955536560388312 8 2021 622 464.68
3474389179662805 11 2022 544 911.61
9093860587184794 6 2025 756 518.10
9928871752251313 3 2022 774 1188.02
8817770721020728 6 2022 324 744.05
9407333235749101 4 2020 817 386.69
2557194397096961 3 2024 811 1089.66
3584906199275912 2 2023 571 1468.53
7956582779167177 8 2022 212 934.95
9425239979143986 3 2025 938 191.11
5251866173289176 5 2020 877 1349.82
8052928258340412 10 2023 439 1301.62
6587288350504371 4 2023 583 233.79
7026700394348350 3 2024 624 218.47
3383502599946404 9 2023 319 1027.20
5764245105465991 8 2023 468 51.03
9795957138342754 1 2020 437 384.08
1523155479071083 1 2021 947 121.91
2772218026722784 1 2021 747 114.99
1481450219020424 2 2021 728 344.89
4428698161861618 3 2023 521 527.77
3895988045935589 9 2025 174 326.98
4027168364890264 4 2022 938 540.77
4982819591081291 4 2022 980 195.46
3572730014813149 5 2023 357 1030.89
4872424076358984 8 2023 947 200.83
1548085482383586 3 2020 894 362.99
9551758039590839 6 2023 175 950.28
9771120262898901 5 2020 894 139.49
7064745600294651 8 2021 192 226.32
5948171411040815 2 2024 391 1157.38
2181680654436896 6 2025 215 112.55
6423396712010435 5 2021 577 854.04
9495744950144718 9 2025 732 305.95
7816670453279253 4 2020 550 451.48
3572730014813149 5 2023 357 801.78
2219330673682026 4 2020 702 892.96
4058895894388376 9 2024 862 1348.96
1455261363480423 3 2025 640 1286.41
8942353412923517 6 2025 810 935.39
5349347105716478 5 2025 467 1418.44
9687850034693828 3 2025 552 1019.61
4152422719394304 7 2022 554 1488.40
3526256473095683 11 2025 598 368.57
1618803927329423 9 2022 960 576.30
8633588059878266 2 2024 386 717.35
6661526880315426 4 2021 630 284.95
1298181407014988 2 2021 607 1296.65
4241101014662576 9 2025 595 674.33
5661281731658608 2 2020 381 1278.37
1946938009199044 12 2021 704 1234.77
8653851104685128 5 2024 792 113.61
8606772707322173 1 2022 206 1052.61
8708295311570112 7 2025 115 180.06
4746287714321488 8 2021 395 525.67
8355094055590706 5 2024 274 1044.97
7210864743622225 11 2025 749 295.95
3895988045935589 9 2023 174 810.59
3713506824740720 9 2020 241 1324.48
7262491634143782 7 2023 354 816.52
1919623682629135 10 2023 721 1082.18
3280848264763760 10 2023 911 1153.35
4282620694613830 4 2024 893 1352.25
4635277392640394 11 2025 396 18.89
5603004286352951 12 2021 929 1019.95
9047887953104835 6 2024 342 750.68
8708676809003435 7 2023 792 633.71
9713610074733680 9 2025 735 1399.82
6669493385073409 6 2021 977 923.14
3018249886535791 2 2025 892 593.76
7617544590811050 12 2020 664 385.50
3356680420334187 12 2023 288 249.08
3109304167998925 11 2023 783 680.74
6361154298573046 1 2022 766 1283.42
4153143259210850 11 2021 711 970.61
2274764510697480 7 2021 720 1229.34
5622625236845579 8 2022 680 13.38
3373536028937588 9 2022 905 925.11
2002321821118066 12 2021 452 569.77
1407163384683248 6 2021 735 961.94
4872424076358984 8 2023 947 1066.82
3835030749765668 8 2020 631 831.78
2351386096350976 11 2025 748 73.50
6946271958920522 10 2025 855 1338.68
7461238108431657 2 2020 574 541.17
6319170011856937 2 2024 997 1203.54
3917593792453179 11 2025 869 88.90
2505073522240206 3 2024 700 422.01
5852022199905146 9 2020 374 684.85
2521455125520859 5 2021 945 581.55
7260874243050881 7 2025 822 785.60
5767030562642501 9 2023 410 1102.36
5962321325893151 1 2021 162 730.01
8626263375646575 5 2023 193 586.95
8533026785311516 9 2024 859 1161.88
7068819894625401 3 2023 377 511.62
1676129638424850 8 2023 168 267.34
2576989179210351 7 2024 592 329.76
8955075646356095 4 2022 667 536.29
2555071376067637 5 2020 780 17.60
5852022199905146 9 2020 374 1424.89
2557194397096961 3 2024 811 1397.89
7606995111179208 9 2024 256 1079.42
1630335578383395 3 2023 687 578.75
5773575909559946 4 2025 828 816.37
5773575909559946 7 2025 828 939.76
8355094055590706 5 2024 274 1400.75
9388842952282302 11 2023 161 712.17
1971005474504159 10 2021 948 599.09
5187655688219258 7 2023 341 925.47
1298181407014988 2 2021 607 567.29
9111034915985526 3 2023 730 538.54
6446479341914654 1 2023 405 888.40
1665206776655662 10 2024 666 786.13
2687857920342162 5 2020 793 231.05
5843044430532662 7 2023 251 701.23
8626263375646575 5 2023 193 875.14
5926855553734343 9 2024 127 796.62
6302766653870099 5 2025 249 391.81
7068715990958300 12 2022 371 647.34
3121707051422399 7 2023 235 638.49
5699942824202469 12 2023 915 1110.39
3449618386949213 2 2020 218 1333.93
1580086387641751 2 2023 993 294.58
2228698128155174 12 2025 680 576.85
5973063335291723 11 2024 457 397.32
3580593126176433 8 2024 598 641.45
4927486095997804 7 2020 741 559.40
4805235722526817 1 2020 802 447.82
5349347105716478 5 2025 467 358.51
4001542772747522 4 2025 377 1384.83
2574973118096358 5 2021 668 1429.25
3355096413388972 2 2024 119 1321.10
4428698161861618 8 2023 521 795.08
6864964506568163 3 2023 231 153.21
3712537253175352 6 2024 914 1237.19
6130905237555763 12 2022 337 1208.07
5277652446031296 1 2023 595 496.96
6344476379630003 12 2020 397 79.46
4993277407344897 3 2021 173 65.28
4923426919633405 2 2025 278 537.83
2400616255919150 10 2023 926 987.83
3582427033758761 2 2023 428 117.94
2197148069814855 9 2021 564 1340.33
2399089809785638 12 2020 132 1479.79
5852022199905146 11 2020 374 1300.04
3535850851975561 11 2020 290 276.17
5884355658431791 7 2024 389 846.41
4817843404987602 9 2022 235 1182.99
5007689171518410 8 2025 693 1133.12
3282938993127494 1 2025 203 931.22
8870667077917880 4 2025 743 735.93
8453212819697740 10 2024 755 507.39
4949519244476528 2 2022 338 668.94
8779627971227766 4 2021 629 767.06
1379805661906304 9 2020 789 333.33
9061153287564484 1 2025 972 1304.60
2959190546290106 12 2024 943 585.43
4369271191433773 9 2022 976 690.47
3355096413388972 2 2024 119 970.56
9356590448133985 11 2024 894 1075.64
8786873500669575 1 2022 343 193.57
2315841431319273 4 2021 242 593.85
7509486520789345 10 2021 486 1031.22
2664710710970299 10 2024 666 765.14
5443145807381587 3 2023 468 999.70
2400616255919150 10 2023 926 36.58
8970852485433339 12 2022 577 534.69
9143861357775524 7 2025 808 920.16
5035401661704232 10 2021 443 765.55
7936961727716954 4 2020 878 1452.20
8606772707322173 8 2022 206 728.39
6159228119779440 3 2020 380 545.87
4993277407344897 3 2021 173 1301.37
8777717791677513 9 2021 370 98.26
2995208360459540 12 2024 331 1396.47
6311946354253739 12 2020 358 51.68
2020666468626565 12 2021 969 1391.34
4982819591081291 4 2022 980 647.79
8626263375646575 5 2023 193 729.34
7218516705014095 9 2025 864 74.35
6423123583068681 6 2020 332 914.04
9639614924742049 1 2021 218 526.80
2641661042235639 11 2024 680 30.58
1745582561522022 5 2021 165 943.75
6990006207964441 4 2020 506 1486.85
5349347105716478 5 2025 467 794.22
7831447374156126 3 2025 952 761.50
5731457084814028 10 2025 678 249.38
3680326093325541 2 2020 222 538.93
8314610673188609 12 2020 397 1342.13
9032364813532853 9 2025 624 416.98
9274257728791535 8 2021 386 868.23
4699863285406096 5 2021 165 300.89
6670149008010493 10 2022 779 882.57
6082666695856314 11 2023 946 45.73
5160283878930012 9 2024 447 462.44
6047657644616829 7 2022 799 797.86
2086223883180073 9 2021 261 128.12
9755363355180476 2 2024 570 1444.73
9290672395404609 12 2024 206 1262.64
4125600211865998 12 2023 968 958.05
7326110241035627 4 2022 789 702.75
9556480959092547 5 2024 133 85.50
9999280219663873 1 2021 575 838.46
6518779695221825 4 2023 887 810.84
1300873391197023 5 2020 314 1089.11
9897728540681060 8 2022 988 1284.87
8453212819697740 10 2024 755 1027.38
4635277392640394 11 2025 396 1034.44
8453212819697740 10 2024 755 1476.87
9479854434706518 10 2023 913 1276.84
2637799094670838 8 2022 721 719.97
9125179564715603 3 2025 399 53.99
1749736544474424 2 2021 615 149.73
7528857331217852 9 2024 600 656.96
2670377193876314 6 2025 625 9.84
1919623682629135 10 2023 721 1185.80
5767030562642501 9 2023 410 48.26
5379787452073935 6 2023 936 665.90
5360228744822722 3 2022 812 1230.48
7842961944743873 8 2020 202 264.70
2463035763711713 5 2022 492 695.81
5082873056500819 7 2024 258 49.13
3609960669221359 6 2022 706 1210.50
6670149008010493 10 2022 779 103.04
7956582779167177 8 2022 212 977.07
3087479170180321 4 2023 436 350.29
7999976273711316 11 2022 532 834.06
3058932156457332 9 2024 552 1070.93
6855834925019122 1 2020 505 245.10
6573803765864854 9 2024 552 658.62
4674739133123804 3 2021 896 861.08
5852022199905146 9 2020 374 1262.15
6510606493374173 12 2020 982 699.33
8644936531605365 8 2020 491 555.03
1728630262588016 2 2025 444 1384.48
6518779695221825 4 2023 887 1217.04
8744498681438615 10 2023 300 854.57
8240428377570510 1 2025 419 1119.74
9388842952282302 11 2023 161 373.80
3206499232444607 4 2022 674 414.31
4684984796829440 2 2024 573 1422.60
6669493385073409 6 2021 977 1361.67
8592778625293851 2 2022 911 978.91
1781937797459410 3 2020 124 597.25
8817770721020728 6 2022 324 1205.54
2228698128155174 12 2025 680 888.08
6365353121063041 6 2025 128 877.27
2557194397096961 3 2024 811 900.27
3121707051422399 7 2023 235 1388.32
5939600848642140 4 2022 639 352.48
5917951660960608 2 2025 255 1464.90
5022814505466711 7 2025 658 1435.92
5474430467351061 3 2021 780 454.59
9388842952282302 11 2023 161 1207.78
1892133182204685 8 2025 935 848.75
6670149008010493 10 2022 779 1374.89
4027168364890264 4 2022 938 82.01
7224413572541293 9 2021 590 1029.98
1295016857755098 4 2023 194 244.33
3357151596716932 8 2025 312 357.30
2429983050753225 10 2024 946 836.78
8232399022432106 9 2023 873 638.48
7068819894625401 3 2023 377 871.36
3955626834217105 1 2021 896 376.30
6827927430134688 10 2025 892 395.11
9469883761974762 12 2021 704 680.87
7064745600294651 8 2021 192 1047.82
3646038385564855 12 2021 763 384.95
5958917034128601 12 2024 378 1436.87
6670149008010493 10 2022 719 1120.40
4002411732879686 3 2023 820 854.65
6802484282419954 2 2023 921 1061.45
5767030562642501 9 2023 410 696.68
5949948722193107 12 2024 370 611.63
8626263375646575 5 2023 193 1308.63
2618680669544342 7 2023 399 863.04
2555071376067637 5 2020 993 1086.06
1621237398475364 11 2020 941 1441.23
1295016857755098 4 2023 194 1364.32
2454715531187379 6 2025 357 321.14
7956582779167177 8 2022 212 1371.31
3474389179662805 11 2022 544 437.32
8648177366944255 9 2021 823 679.17
6758755593304711 9 2023 476 1359.05
1781937797459410 3 2020 124 222.79
1509920444392793 9 2024 993 1189.67
5053731697244874 12 2020 269 1404.98
3737409542585125 12 2025 678 1323.63
3877378513683099 2 2022 824 1074.89
1758426545298835 5 2020 723 702.27
7068819894625401 3 2023 377 332.90
3695241974271990 8 2024 529 774.25
4674739133123804 3 2021 896 69.81
1301917521591973 12 2023 539 1310.08
5449463278444832 12 2021 167 823.71
1955536560388312 8 2021 622 293.97
6128173310036140 5 2022 109 1262.00
7812969292927067 4 2025 296 1416.03
7210864743622225 11 2025 749 1009.79
6715591748772009 7 2020 897 365.79
5872124978658604 7 2022 504 910.08
4285761527709851 2 2022 432 616.01
4152422719394304 7 2022 554 1344.39
1391725543005258 6 2022 976 213.41
3357151596716932 8 2025 312 545.32
9186764389827324 8 2025 621 1172.51
7286744124385595 7 2022 903 1123.74
5617885357670483 12 2021 158 1166.11
3132566146646322 11 2023 873 795.98
4859989477016162 10 2025 791 564.89
7477950151924376 8 2025 937 1348.43
2912189539620415 10 2021 620 598.13
3958120877298466 3 2021 418 21.51
4053774514308421 7 2020 916 1471.72
1344093179606736 11 2024 598 1231.47
6498483386180602 7 2025 762 486.50
3084291109960715 3 2025 878 699.87
5731457084814028 10 2025 678 837.94
2429983050753225 10 2024 946 234.08
4674739133123804 3 2021 896 879.71
7573701607260459 5 2021 499 1216.81
7169096976266601 1 2021 758 408.05
3558314514162602 4 2021 212 481.93
8169491141611557 4 2020 302 335.92
6014638555153377 12 2022 129 846.23
8942353412923517 6 2025 810 572.43
7003459953004308 6 2023 156 551.61
5047416245658706 4 2020 302 566.44
5944031429006857 5 2022 447 1000.41
4805347990529196 11 2024 681 429.87
6274139747396334 5 2023 482 570.36
4321144227296654 9 2020 412 849.31
3204669465947404 8 2024 616 179.74
5512945855200004 5 2024 192 268.56
9495744950144718 9 2025 732 1479.75
9795957138342754 1 2020 437 1122.91
3572730014813149 5 2023 357 458.11
6376311010696964 9 2021 692 944.66
9567594751911649 4 2025 425 1412.00
6587276771444366 11 2023 962 258.20
6073513056397450 8 2020 508 551.88
9687850034693828 3 2025 552 1149.20
3504729157771370 8 2023 434 467.92
3473541173751935 9 2021 146 86.36
1481450219020424 2 2021 728 406.80
6025970298076173 2 2022 525 90.10
2002321821118066 12 2021 452 397.69
9522542199026757 1 2021 199 856.18
3955626834217105 1 2021 694 1366.36
1298181407014988 2 2021 607 130.04
3526256473095683 11 2025 598 1196.88
8192135686888498 12 2022 847 1382.43
8325183725826821 3 2022 246 789.15
9954655223600240 5 2024 193 948.50
6073513056397450 8 2020 508 933.19
6082666695856314 11 2023 946 26.16
3455455737999180 1 2025 774 1182.88
1509920444392793 9 2024 993 64.05
8025682374251910 8 2023 564 264.41
5349347105716478 5 2025 467 844.78
7224413572541293 9 2021 590 840.86
8059338828989999 1 2023 437 212.86
9804599766788789 10 2025 307 118.15
4236416790268466 2 2024 791 81.11
8633588059878266 2 2024 386 279.53
9663101856879787 1 2022 355 711.66
9045969808879012 1 2025 305 1301.25
2599505966169791 11 2023 863 456.99
9241237976636652 8 2025 813 1363.90
1394840472424433 10 2025 498 570.34
1313724253742203 8 2024 648 251.18
3455455737999180 1 2025 774 1243.80
2019120529731575 10 2021 880 1062.10
2577014562638892 2 2023 428 1184.29
7316993977974107 3 2021 556 69.96
7528857331217852 9 2024 581 768.55
2754789704361273 2 2022 951 1224.37
6205654775725580 12 2022 606 1317.93
8743189837225373 12 2025 680 73.08
8793383614786380 7 2023 709 993.55
4428698161861618 8 2023 521 395.99
6783628648590012 2 2024 956 1037.23
4251857456943133 9 2023 144 1411.52
2184613897843189 10 2022 218 1197.50
1391725543005258 6 2022 976 938.59
8648177366944255 9 2021 823 488.31
3011360225048459 1 2021 343 194.54
9288761886614460 11 2021 572 1376.09
7461238108431657 2 2020 574 945.56
9349803213562911 7 2020 826 842.31
3772975724340980 1 2025 402 310.51
6518779695221825 4 2023 887 1289.17
3680326093325541 2 2020 222 108.73
6827278757170592 3 2023 851 851.93
3457897986887580 5 2025 656 932.56
9668356669050852 6 2025 725 907.72
4823262226914434 5 2020 528 439.45
6205654775725580 12 2024 606 1097.65
8575150384896047 2 2023 279 157.56
5617885357670483 12 2021 988 612.33
3606782320513064 2 2021 534 204.53
7641024585974328 7 2023 694 613.81
6669493385073409 6 2021 977 720.33
5699942824202469 12 2023 915 337.58
7064745600294651 8 2021 192 646.47
4125600211865998 12 2023 968 202.04
6103070480361179 8 2021 476 881.37
8768371436813265 10 2022 555 1059.51
3383502599946404 9 2023 319 260.33
2666246204674818 3 2023 288 164.01
9766891201263885 11 2025 379 1341.83
7068819894625401 3 2023 377 317.63
1523155479071083 1 2021 947 440.32
8325183725826821 3 2020 246 1057.26
4905246612996904 4 2025 828 577.95
9999384575708793 3 2025 740 226.58
7964149405784190 3 2023 452 1311.93
7267596014210453 12 2025 400 1298.74
9186764389827324 8 2025 621 1063.18
3036037835009386 10 2023 180 429.95
4684984796829440 9 2024 573 1454.45
4137500172043374 3 2023 627 394.56
1493003987814845 7 2024 306 734.70
1758053668214331 11 2023 678 807.05
6998847524591484 8 2024 883 887.34
5160283878930012 9 2024 447 696.38
3578255387458864 7 2021 302 194.20
7842961944743873 8 2020 202 398.26
2184613897843189 10 2022 218 153.02
8249797354675425 10 2025 319 49.07
7618537435734300 4 2023 234 1002.77
2429983050753225 10 2024 946 962.92
8083098732326472 10 2024 856 685.51
2863968219241621 6 2024 313 987.07
6903454374732955 9 2024 697 1490.63
1393420646120202 8 2023 988 972.35
1647078056810656 10 2023 324 1234.81
3877891644099510 6 2024 762 1335.49
4823262226914434 5 2020 528 415.14
4125600211865998 12 2023 968 318.95
1423449912034452 2 2023 993 754.60
2337997047254938 3 2023 561 873.32
7267596014210453 12 2025 154 1126.98
4817843404987602 9 2022 235 1075.82
6907251481722230 9 2023 544 578.39
8083140404171923 11 2021 124 86.42
1793772787484007 5 2022 877 279.69
3132566146646322 11 2023 873 821.03
2293957904918881 2 2022 646 131.57
6376311010696964 11 2021 692 1473.90
5271755087350113 5 2023 760 1119.30
1781937797459410 3 2020 124 323.56
6864964506568163 3 2023 231 1403.77
3959970769863130 9 2021 636 898.67
3132566146646322 11 2023 242 353.43
3958120877298466 3 2021 418 332.79
9404335845793368 8 2022 101 1450.48
7203003507430411 6 2022 441 430.39
2733054262594160 3 2022 934 1001.37
7514521167050018 6 2024 981 772.95
8291420249181526 10 2025 969 1172.36
9556480959092547 5 2024 133 112.15
1676129638424850 8 2023 168 997.53
1258241194610152 3 2023 507 1087.62
3576045522839100 12 2020 287 475.06
4805235722526817 1 2020 802 510.37
1393436915056381 10 2022 619 1077.70
3373536028937588 9 2022 905 327.36
2454715531187379 6 2025 357 242.84
2733054262594160 3 2023 934 1177.05
5449463278444832 12 2021 167 1251.33
8885513263594574 2 2020 984 396.58
5973063335291723 11 2024 457 197.84
3737409542585125 12 2025 678 1263.20
6758755593304711 9 2023 476 385.62
7615039067080557 6 2025 395 1219.79
7961588083109518 12 2021 893 1421.57
5622625236845579 8 2022 680 612.26
9721318888460247 2 2022 678 157.42
5007689171518410 8 2025 693 1432.75
8786873500669575 1 2022 343 1326.32
9556480959092547 5 2024 133 1076.50
1313724253742203 8 2024 648 1006.90
6361154298573046 1 2022 766 552.51
3474389179662805 11 2022 544 253.74
4699863285406096 5 2021 165 576.04
2197148069814855 9 2021 564 921.59
9047887953104835 6 2024 342 714.81
7127988943235602 7 2024 700 1245.23
9784596194350099 4 2025 461 1461.10
7816670453279253 4 2020 550 716.14
8419817784913419 3 2025 420 322.60
6174927680045919 10 2020 800 1410.55
1455261363480423 3 2025 640 391.41
2863968219241621 6 2024 313 1064.59
4413769646220302 1 2022 857 1019.22
6907251481722230 9 2023 544 1124.85
4993277407344897 3 2021 173 699.14
3018249886535791 2 2025 892 818.22
7127988943235602 7 2024 700 659.21
7839324435584364 9 2025 283 301.92
9255325320732109 3 2025 497 1086.29
7348087813353500 10 2024 173 282.64
8592778625293851 2 2022 911 1266.29
6446479341914654 1 2023 405 700.78
8644936531605365 8 2020 491 988.20
2927208179787123 9 2025 643 446.05
8023189958565511 11 2022 760 543.41
1728630262588016 2 2025 444 374.98
2165393529988380 10 2022 762 369.26
1653946710377865 8 2024 412 372.59
6903454374732955 9 2021 697 86.22
7908435139144183 2 2025 332 833.01
8453212819697740 10 2024 755 885.63
3109202903328355 1 2025 273 970.16
7627789411569756 11 2025 896 1208.60
2197148069814855 9 2021 564 988.50
8648177366944255 9 2021 823 1307.00
6783628648590012 2 2025 956 359.40
5770948355293932 10 2025 356 574.90
5356961588830249 6 2024 819 1285.87
4304277307198668 8 2021 126 524.64
5958917034128601 12 2024 378 928.14
6510606493374173 12 2020 982 1443.38
2351135300102178 1 2021 122 1484.21
6197265600227852 7 2023 512 382.94
3246820837999788 7 2022 515 154.41
4318498643781604 12 2024 554 1025.87
4152422719394304 7 2022 554 1004.43
9556480959092547 5 2023 133 798.06
1653946710377865 8 2024 500 213.96
7253646206998953 2 2021 814 588.65
2863968219241621 6 2024 313 243.14
3558314514162602 4 2021 212 277.30
5622625236845579 8 2022 680 293.84
4817843404987602 9 2022 235 977.76
6849432887728868 4 2021 236 187.22
2084976452601670 5 2021 496 1198.59
3580593126176433 8 2023 598 1153.85
7316993977974107 3 2021 556 1473.44
2927208179787123 9 2025 643 1277.74
9748038819331085 7 2022 980 95.85
5325700867389538 4 2020 676 155.51
4137500172043374 3 2023 627 1399.53
9050680550714237 11 2024 389 924.77
2293957904918881 2 2022 646 924.80
8542590981305638 4 2022 595 432.33
9748038819331085 7 2022 980 193.57
8490370157308561 11 2025 148 1141.61
9469883761974762 12 2021 704 1355.23
4252947411960760 6 2024 168 554.92
4058895894388376 9 2024 862 751.30
8262944179297577 8 2023 102 663.06
7127295147280921 9 2024 747 443.64
6393970123849590 10 2021 851 1116.44
6864964506568163 3 2023 231 699.36
2454715531187379 6 2025 357 404.45
5007689171518410 8 2025 693 487.59
4058895894388376 9 2024 862 931.97
4684984796829440 2 2021 573 442.76
6825202151384879 8 2024 647 936.29
2687857920342162 5 2020 793 499.38
9567594751911649 4 2025 425 844.35
7121353985058659 4 2021 263 937.43
8741954178923578 4 2025 461 1423.28
3077636284294469 10 2025 278 435.03
6491169898097931 11 2025 665 769.58
8840068203163396 4 2024 783 317.65
8608407457679610 8 2020 832 319.16
6758755593304711 9 2023 476 205.80
4507214337134267 1 2021 909 626.29
6125542419656517 4 2023 122 333.53
2274764510697480 7 2021 720 1054.96
1749736544474424 2 2021 615 755.69
6510606493374173 12 2020 982 1414.36
5567990707028548 2 2020 972 163.32
8817770721020728 6 2022 324 995.62
6205654775725580 12 2024 606 309.96
1602140129876281 8 2022 738 1144.33
2557194397096961 3 2024 811 570.70
6062811545410458 3 2020 800 886.84
7831447374156126 3 2025 952 1148.81
4321144227296654 9 2020 412 207.03
7047428999128020 3 2021 539 1126.77
1313932780018316 2 2022 123 1349.33
6400014180288204 8 2024 361 1407.48
5474430467351061 3 2021 780 350.38
3647041933516460 5 2023 630 20.00
4684984796829440 2 2024 573 1192.09
4001542772747522 4 2025 377 471.69
4507214337134267 1 2025 909 1116.73
4156315654807061 7 2025 518 761.87
8768371436813265 10 2022 555 1410.32
3572730014813149 5 2023 357 447.85
9985090930724904 6 2023 482 1411.29
8779627971227766 4 2021 629 218.56
7026700394348350 3 2024 624 1429.99
3357151596716932 8 2025 312 669.34
1914925641439160 10 2025 833 949.74
4137500172043374 3 2023 627 994.74
4027168364890264 4 2022 938 858.79
8542590981305638 4 2022 595 75.06
4321144227296654 9 2020 412 137.18
9804599766788789 10 2025 307 1028.83
6106982377971976 5 2021 173 757.75
5699942824202469 12 2023 915 1065.17
4058895894388376 9 2024 862 1499.60
1317498052320045 4 2020 803 19.68
3917593792453179 11 2025 869 1476.98
4805235722526817 1 2020 802 420.22
2358876368223717 10 2025 157 282.70
7509486520789345 10 2021 486 762.85
8955075646356095 4 2022 667 690.45
2167810398759219 3 2022 387 185.65
9791110992348800 8 2020 172 1099.73
4835693778547000 9 2022 183 1032.54
3216739356423921 3 2021 639 228.66
5868909219358179 6 2023 321 939.27
5733384725979568 5 2021 770 1473.37
9288761886614460 11 2021 572 1117.27
6823044843032596 7 2022 742 1119.33
7461238108431657 2 2020 574 12.16
9125179564715603 3 2025 239 139.46
7058318589796339 8 2025 283 1039.63
8744498681438615 10 2023 300 426.83
1393420646120202 8 2023 988 888.70
2181680654436896 6 2025 215 991.15
5949948722193107 12 2024 370 705.49
1499973358527867 7 2022 543 1438.52
5449463278444832 12 2021 167 768.91
3558314514162602 4 2021 286 894.41
2626417012076133 8 2020 697 885.09
8490370157308561 11 2025 613 898.63
2399089809785638 12 2020 132 987.53
5764245105465991 8 2025 468 789.94
5949948722193107 12 2024 370 687.66
9479854434706518 10 2023 913 1473.54
5396231805625036 6 2021 485 847.56
7068819894625401 3 2023 377 555.35
1749736544474424 2 2021 615 904.88
8783521978226805 12 2025 478 1054.88
3036037835009386 10 2023 180 739.74
5675457708893912 9 2023 199 1207.98
8644936531605365 8 2020 491 543.62
3467386227703304 6 2024 989 504.14
7058318589796339 8 2025 283 445.15
5364212463954344 11 2025 499 766.12
4027168364890264 4 2022 938 320.05
3233230582884732 7 2025 500 513.67
3980288948922729 7 2023 457 426.80
9391824639379059 2 2024 828 801.50
9734127816879799 7 2024 345 1281.50
5207206227700360 10 2024 981 1382.36
3132566146646322 11 2023 873 207.56
4893467226664318 4 2020 818 933.01
8445698322658414 2 2025 398 1000.18
4674739133123804 3 2021 896 1114.87
2863968219241621 6 2024 313 1479.14
6990006207964441 4 2020 506 1170.94
3705003829464092 1 2025 327 376.72
9454313991192897 11 2020 677 1132.18
3293863032435183 5 2021 378 635.86
4684984796829440 2 2024 573 191.59
9290672395404609 12 2024 206 1017.03
3457113871653249 2 2021 517 1127.11
3210217578500466 9 2025 584 1269.17
4412275281288497 6 2021 290 1499.71
6818769776360577 7 2022 466 1209.34
2454715531187379 6 2025 357 737.85
1618803927329423 9 2022 960 883.17
3378385889713427 2 2022 953 536.13
4684984796829440 2 2024 573 935.11
6876283629361079 3 2023 151 818.95
7260874243050881 7 2025 822 235.37
4905246612996904 4 2025 828 233.68
6802484282419954 2 2023 921 806.49
6814749432093599 4 2023 646 242.98
3132566146646322 11 2023 873 977.46
9642797610627281 10 2021 688 727.19
8575150384896047 2 2023 279 1106.74
5617885357670483 12 2021 158 1232.34
2358876368223717 10 2025 157 1128.29
1728630262588016 2 2025 444 510.93
2358876368223717 10 2025 157 1197.15
8115866632135289 8 2025 614 1017.78
5285434501642418 7 2023 451 1119.41
3504312453551628 3 2023 678 1300.46
8633588059878266 2 2024 386 1248.82
1414416511060985 8 2022 915 753.87
1630335578383395 3 2023 687 1136.74
4053774514308421 7 2020 916 183.73
5718597936381690 1 2024 447 486.29
9113250357588937 4 2025 822 694.91
3865645337204361 7 2021 703 565.56
2351135300102178 1 2021 122 608.26
9047887953104835 6 2024 342 498.97
5348053993790467 7 2020 556 1245.88
5675457708893912 9 2023 199 924.95
3642244432503312 1 2022 656 1370.77
1344093179606736 11 2024 598 377.92
4092435704494901 7 2025 320 1378.12
2228698128155174 12 2025 680 1404.39
8606772707322173 8 2022 206 908.93
2084976452601670 5 2021 496 295.50
6576115608952451 8 2025 118 235.86
8744498681438615 10 2023 300 688.65
3877378513683099 2 2022 824 178.80
2167810398759219 3 2022 387 261.71
8786873500669575 1 2022 343 628.80
7641024585974328 7 2023 694 1290.38
1892133182204685 8 2025 935 1237.34
3877891644099510 6 2024 762 349.12
8575150384896047 2 2023 279 901.99
8465423797080217 3 2024 993 805.72
8648177366944255 9 2021 823 1428.50
5396231805625036 6 2021 485 545.86
6491169898097931 11 2025 665 1411.37
7026700394348350 3 2024 624 29.24
4058895894388376 9 2024 862 108.63
6565823806021884 2 2025 775 987.22
6441653291106362 11 2022 120 899.53
5191599628842078 1 2022 230 861.34
8192135686888498 12 2022 847 1496.29
8626263375646575 5 2023 193 325.78
8325183725826821 3 2020 246 114.64
7461238108431657 2 2020 574 1485.42
3966625807146167 6 2021 971 526.84
3772975724340980 1 2025 402 760.62
9766891201263885 11 2025 379 455.26
4447291946403646 1 2021 747 1431.92
3216739356423921 3 2021 639 1066.61
2210421658247431 10 2024 677 23.55
3282938993127494 1 2025 203 661.79
4746101752259798 10 2020 985 506.57
1493003987814845 3 2024 306 487.73
6014638555153377 12 2022 129 1104.17
2351386096350976 11 2025 748 1097.93
5035401661704232 10 2021 443 510.39
3642244432503312 1 2022 656 128.49
7549725982307351 9 2025 675 678.08
7348087813353500 10 2024 173 671.26
5458047977520854 10 2025 813 52.28
3576045522839100 12 2020 287 267.04
2019120529731575 10 2021 880 1004.06
2002321821118066 12 2021 452 1293.33
8847126951245512 12 2021 513 400.09
1551668691308296 4 2020 519 456.91
6849432887728868 4 2021 236 1078.54
6071684022289676 6 2023 122 1383.15
4053774514308421 7 2020 916 385.98
8232399022432106 9 2023 873 517.82
5474430467351061 3 2021 780 1311.17
1781937797459410 3 2020 124 593.57
9290672395404609 12 2024 206 1494.28
6783628648590012 2 2025 956 145.98
7127295147280921 9 2024 747 801.50
8950333948362869 8 2025 159 121.74
7517787604690023 6 2024 718 757.88
9111034915985526 3 2023 192 683.04
9186764389827324 8 2025 803 166.73
3991939834462480 5 2023 339 1272.58
3474389179662805 4 2022 544 432.61
9315071822210944 9 2022 795 196.51
8575150384896047 2 2023 279 1322.52
5251866173289176 5 2020 877 1057.81
8923588080030552 6 2024 117 249.67
5304890688815715 2 2023 374 690.54
5642880632959972 9 2025 614 926.19
4321144227296654 9 2020 412 786.14
9766891201263885 11 2025 379 1205.35
9784596194350099 4 2025 461 252.42
2290156736893368 8 2023 861 1139.86
1493003987814845 7 2024 306 850.33
6274139747396334 5 2023 482 1129.13
9113327698703498 7 2020 388 366.05
3378385889713427 10 2022 953 1260.87
2733054262594160 3 2022 934 890.79
8411949179940241 2 2024 957 344.61
3737409542585125 12 2025 678 1226.04
7999976273711316 11 2022 532 821.38
3584906199275912 2 2023 571 1137.88
2507539344728894 1 2021 223 1151.13
9902953886759298 2 2025 277 704.63
2555071376067637 5 2020 780 498.18
3695241974271990 8 2024 529 436.65
4092435704494901 7 2025 320 639.23
7461238108431657 2 2020 574 357.81
6393970123849590 10 2021 851 485.81
7574497949268016 8 2020 683 989.86
2463035763711713 5 2022 492 49.21
5787558774897965 6 2022 518 714.14
2457634508540039 8 2022 116 1311.58
6047657644616829 7 2022 799 1089.95
6062811545410458 3 2020 800 1462.75
5005381799887116 4 2025 669 728.28
6197265600227852 7 2023 512 1480.21
2995208360459540 12 2024 331 40.75
1659860801364790 6 2024 728 345.80
8023189958565511 11 2022 760 603.77
4412275281288497 6 2021 290 729.05
8325183725826821 3 2020 246 675.63
9977688733491610 2 2021 208 846.62
4684984796829440 2 2024 573 1047.55
3877891644099510 6 2024 762 507.78
