3802474588137684 12 2025 551 331.40
9799802331603755 2 2023 476 193.96
9272378282272814 9 2022 966 383.04
9272378282272814 9 2022 966 731.70
6865866180588162 4 2025 665 1045.03
6865866180588162 4 2025 665 429.89
3802474588137684 12 2025 551 1164.08
9799802331603755 2 2024 476 88.99
9444997379187067 9 2023 862 920.59
2404935169912658 8 2021 375 487.59
3802474588137684 12 2025 551 785.84
6865866180588162 4 2025 665 294.60
3802474588137684 12 2025 551 351.16
9799802331603755 2 2023 476 739.01
6865866180588162 4 2025 665 745.65
3802474588137684 12 2025 551 1321.59
2404935169912658 8 2021 375 762.78
3802474588137684 12 2025 551 359.75
6865866180588162 4 2025 665 224.54
6865866180588162 4 2025 665 1370.18
